,0,1,2,3,4,5,6,7,8,9,10,11,12,13,14,15,16,17,18,19,20,21,22,23,24,25,26,27,28,29,30,31,32,33,34,35,36,37,38,39,40,41,42,43,44,45,46,47,48,49,50,51,52,53,54,55,56,57,58,59,60,61,62,63
0,0.75,1.25,1.75,3.75,3.75,1.25,0.25,0.75,0.75,1.0,1.5,4.25,4.75,1.75,1.25,1.25,0.0,0.75,2.25,4.0,4.75,3.0,0.75,0.5,0.75,0.75,3.75,4.0,4.25,4.0,1.5,0.5,0.25,1.75,4.0,3.0,3.75,3.75,2.5,1.0,1.25,1.25,2.0,2.75,1.75,2.0,1.5,1.75,1.0,1.75,1.0,1.75,1.0,1.0,1.0,1.0,1.25,1.25,1.0,1.25,1.0,0.75,0.75,1.0
1,0.25,0.75,1.5,3.75,3.5,1.25,0.0,0.5,0.25,0.5,1.5,4.0,5.0,2.0,1.25,0.75,1.0,0.25,2.25,4.5,4.75,3.25,0.5,0.0,0.0,1.0,3.25,4.0,4.0,3.75,1.5,0.75,0.75,1.5,3.75,3.25,3.5,3.5,3.5,0.75,1.25,0.75,1.75,2.25,2.0,1.5,1.0,1.25,0.25,1.5,0.75,1.5,0.75,0.75,1.0,1.5,1.25,1.0,1.5,0.75,0.75,0.5,1.0,1.25
2,0.0,1.0,1.75,4.0,4.25,1.25,0.25,0.75,0.75,1.5,1.75,4.25,4.75,2.0,1.5,0.75,0.25,0.5,2.25,4.25,4.25,2.25,0.75,0.75,0.5,0.75,3.75,4.25,4.25,3.75,1.5,0.75,0.75,1.75,4.25,3.5,3.75,3.75,2.25,0.75,1.25,1.25,2.5,2.75,2.25,1.75,1.25,1.5,1.5,1.25,1.5,1.25,1.25,1.0,0.75,1.5,1.5,0.75,1.5,1.0,1.0,1.5,1.25,1.75
3,0.75,0.75,1.75,3.5,4.0,1.0,0.0,0.25,0.5,1.0,1.25,4.25,4.5,1.5,1.25,0.5,0.25,0.25,2.25,4.5,4.75,3.5,0.5,0.25,0.25,0.5,3.25,4.5,3.5,4.0,1.5,0.25,0.25,2.0,3.0,3.5,3.0,3.25,2.75,0.75,1.0,1.0,2.25,2.5,1.75,2.25,1.0,1.0,1.0,1.0,1.25,1.0,1.0,0.75,0.75,1.25,1.25,1.25,1.5,0.75,1.25,1.0,1.0,1.5
4,0.5,1.0,2.0,3.5,3.75,1.25,0.5,0.75,0.5,1.25,1.5,4.75,4.5,1.75,1.5,1.25,0.0,0.25,2.25,4.25,5.0,2.75,0.5,0.5,0.5,0.75,3.75,4.25,4.5,3.75,1.75,0.5,0.25,1.5,4.25,3.5,4.0,3.75,3.25,0.75,1.5,1.25,2.5,2.5,1.75,2.0,1.5,1.75,1.25,1.0,1.25,1.75,1.25,1.0,1.25,1.5,1.75,1.25,0.75,1.0,1.0,1.5,1.0,2.0
5,0.75,1.0,2.0,3.25,4.0,1.5,0.0,0.25,1.25,0.75,1.75,4.0,5.0,2.0,0.75,1.0,0.75,0.5,2.5,4.75,5.25,3.0,0.5,0.5,0.0,0.75,3.5,4.25,4.0,4.0,2.5,0.5,0.25,2.0,3.5,3.25,4.0,3.25,3.25,0.75,1.0,0.75,1.75,2.5,1.75,1.5,1.0,1.0,1.5,1.5,1.0,1.75,0.75,0.5,1.0,1.5,1.0,0.75,1.0,0.75,1.0,1.25,1.25,1.75
6,0.75,0.75,1.5,3.5,3.25,1.25,0.25,0.5,0.75,0.75,1.25,3.75,5.0,2.0,1.5,1.5,0.25,0.0,2.25,4.25,4.75,2.5,0.5,0.5,0.25,1.0,4.0,4.25,3.5,3.25,2.0,0.25,0.25,1.75,3.25,3.25,3.25,3.25,3.75,1.0,0.5,1.25,1.5,2.25,1.5,1.25,1.0,1.0,1.25,0.75,1.25,1.75,1.0,1.0,1.0,1.0,1.0,1.25,1.25,1.25,0.75,0.75,0.5,1.5
7,0.0,0.75,2.0,2.5,2.0,1.25,0.25,0.25,0.5,0.75,1.25,4.25,4.0,1.25,1.0,1.0,0.25,0.25,2.0,4.25,4.5,1.75,0.5,0.5,0.0,0.5,3.75,4.0,3.75,3.5,1.5,0.5,0.5,1.75,3.25,3.0,3.75,3.0,3.0,0.25,1.25,1.0,2.0,2.25,1.5,1.5,1.25,1.0,1.25,1.0,0.75,1.25,0.75,0.75,0.5,0.5,1.25,0.5,1.0,0.5,1.25,0.75,1.0,1.5
8,0.75,1.0,2.0,2.25,1.5,1.5,0.5,0.5,0.75,0.75,1.25,4.5,4.0,1.75,1.25,1.0,0.5,0.0,1.25,4.0,4.0,1.0,0.75,0.0,0.5,0.75,3.75,4.0,3.75,3.5,1.0,0.5,0.5,1.0,3.75,3.25,3.75,3.0,2.5,0.75,0.5,1.5,2.0,2.25,2.25,1.25,1.0,1.5,1.25,1.25,0.75,1.0,0.75,0.5,1.0,1.25,1.5,1.5,1.25,1.25,0.5,0.75,1.5,2.0
9,0.5,1.25,2.25,2.25,1.75,1.75,0.0,1.25,1.75,1.25,2.0,4.25,4.75,2.0,1.5,0.75,0.25,0.25,1.75,4.0,4.25,1.75,1.25,0.5,1.0,0.5,3.5,4.5,4.0,3.25,0.5,0.0,0.25,1.5,3.25,3.5,3.75,3.5,2.0,0.75,1.5,1.5,2.25,2.75,2.0,1.5,0.75,1.25,1.25,1.0,1.75,2.25,1.0,0.5,1.0,1.5,1.75,1.25,1.75,1.5,1.25,1.75,1.5,1.5
10,0.0,1.0,1.75,1.5,1.5,0.5,0.5,0.25,1.0,0.75,1.75,3.75,4.25,1.0,0.75,1.0,1.0,0.25,1.25,3.75,4.5,1.25,1.0,0.25,0.25,0.5,3.25,4.0,3.5,3.75,0.5,0.25,0.0,0.5,2.75,3.0,3.5,3.25,1.25,0.75,0.75,1.25,1.5,2.0,2.0,1.5,1.0,1.25,1.0,1.25,0.75,1.5,0.75,0.75,1.0,1.5,1.25,1.5,1.75,1.0,1.25,1.0,1.25,1.25
11,0.5,0.75,1.75,2.0,1.5,1.25,0.25,0.5,0.75,1.0,1.25,4.25,4.5,1.25,1.5,1.25,0.0,0.0,1.5,4.25,4.5,1.75,0.75,0.5,0.0,0.5,3.0,4.25,3.75,3.5,0.5,0.25,0.5,0.75,3.0,3.5,3.5,3.25,1.5,0.5,1.0,1.0,2.0,2.25,1.75,1.25,1.5,1.25,1.25,1.25,1.25,1.25,1.0,0.75,1.0,1.5,1.5,1.25,1.5,1.0,0.75,1.0,1.5,1.5
12,1.0,1.5,2.0,2.0,1.5,1.25,0.0,1.0,0.75,1.5,1.75,4.75,4.25,2.0,1.25,1.0,0.75,0.5,1.25,4.0,4.25,1.5,1.0,0.5,0.75,0.75,3.25,4.5,4.0,3.75,0.75,0.5,0.25,1.0,3.25,3.75,3.5,3.5,1.5,0.25,1.5,1.0,1.5,2.0,1.75,1.75,1.25,1.75,1.25,1.25,1.5,1.75,1.0,1.25,1.25,1.5,1.25,1.0,1.5,1.25,1.25,1.25,1.5,1.75
13,0.0,1.0,2.25,2.25,1.5,1.25,0.25,0.5,0.5,0.75,1.0,4.0,4.5,1.25,1.25,1.0,0.5,0.75,1.25,4.25,4.0,1.5,0.75,0.75,0.25,0.5,3.5,5.0,4.0,3.5,0.75,0.5,1.0,1.0,3.5,3.75,3.75,3.75,1.5,0.75,1.5,1.25,2.25,2.25,2.25,2.0,1.0,1.5,1.25,1.5,1.75,1.75,1.25,0.75,0.75,1.25,2.0,1.5,1.5,1.75,1.25,1.0,1.25,1.75
14,0.5,1.0,2.0,2.0,1.25,1.0,0.25,0.75,0.5,0.75,1.5,4.75,4.25,1.25,1.0,0.75,0.0,0.0,1.5,4.0,4.75,1.5,0.5,0.5,0.5,0.25,3.25,4.25,3.75,3.25,0.75,0.5,0.75,0.75,3.25,3.5,4.0,3.75,1.25,1.0,1.5,0.75,2.25,2.75,2.25,1.5,0.75,1.0,1.5,1.0,1.5,1.5,1.0,0.75,1.0,1.5,1.75,1.5,1.5,1.25,0.75,1.5,1.75,1.5
15,1.25,1.0,2.0,1.75,1.25,1.5,0.75,0.5,0.75,1.0,1.5,4.25,4.5,1.25,1.25,1.0,1.0,0.25,1.75,4.0,4.5,1.0,1.0,0.5,0.25,0.75,3.5,4.5,3.5,3.25,0.75,0.25,0.0,0.75,3.0,3.5,4.0,3.25,1.5,0.5,0.75,1.0,1.75,2.25,1.75,1.5,0.75,1.5,1.25,1.25,1.25,1.5,1.0,1.0,1.0,1.0,2.0,1.0,1.25,1.5,1.5,0.75,0.75,1.5
16,0.5,0.75,1.75,2.25,1.25,1.0,0.0,0.25,0.75,1.0,1.5,4.0,4.0,1.25,1.25,1.0,0.5,0.25,1.0,3.75,4.25,1.75,0.5,0.5,0.5,0.25,3.0,4.0,3.75,3.25,0.5,0.0,0.75,0.75,3.25,3.25,3.5,3.25,1.0,0.75,1.0,1.0,1.75,2.5,1.75,1.0,1.0,1.25,0.75,1.25,1.5,2.0,1.0,0.75,1.0,1.25,1.5,1.5,1.75,0.75,1.25,1.5,1.0,2.25
17,0.75,0.75,1.5,1.75,1.0,1.5,0.5,0.75,1.0,0.5,1.5,4.25,4.0,1.25,1.25,0.75,0.0,0.0,1.75,3.75,4.25,1.25,1.0,0.75,0.75,0.25,3.25,4.25,3.75,3.75,0.75,0.5,0.5,0.5,3.0,3.25,3.75,3.5,1.5,0.5,1.25,0.75,2.0,2.25,2.25,1.25,0.75,1.75,0.75,1.5,1.5,1.5,1.25,1.25,1.25,1.75,1.75,1.0,1.5,1.25,1.75,1.0,0.75,2.25
18,0.0,0.75,2.0,1.5,1.0,0.75,0.25,1.25,0.75,1.5,1.5,4.5,4.25,1.75,0.75,1.0,0.25,0.75,2.0,4.0,4.5,1.5,0.5,0.75,0.5,0.75,3.25,3.75,3.75,3.75,0.5,0.25,0.5,1.0,3.25,3.5,3.75,3.5,1.5,0.25,1.25,1.25,1.75,2.25,2.0,1.25,0.75,1.25,1.5,1.0,1.5,1.5,1.25,1.25,0.75,1.5,1.5,1.25,1.5,1.25,1.0,1.5,1.0,1.25
19,0.75,1.25,2.25,2.25,1.5,1.25,0.0,1.25,1.5,1.5,2.0,5.0,4.25,2.0,2.0,1.0,1.0,1.0,2.0,4.75,4.75,2.25,1.25,0.5,1.0,1.0,3.5,4.25,4.5,4.0,1.0,0.5,0.75,1.25,3.5,4.0,4.0,4.25,1.75,1.25,1.25,1.75,2.25,2.75,2.0,1.75,1.25,1.5,1.5,1.75,1.5,2.0,1.75,1.0,1.5,2.0,2.25,1.75,2.0,1.5,1.25,1.0,1.75,2.25
20,0.5,1.0,1.75,2.25,1.25,1.0,0.0,0.0,1.0,0.75,1.75,4.25,4.25,1.25,1.5,1.0,0.5,0.75,1.25,3.75,4.25,1.5,0.75,0.5,0.5,0.25,3.0,4.25,3.5,3.25,0.75,0.0,0.5,0.75,3.0,3.0,3.75,3.0,1.25,0.5,1.25,1.0,2.0,2.25,1.75,1.0,1.0,1.5,1.25,1.25,1.0,1.25,1.0,1.0,0.75,1.0,1.75,1.25,1.25,1.5,1.25,1.0,1.0,1.5
21,1.5,1.25,2.25,2.0,1.25,1.75,0.0,1.0,0.75,0.5,2.0,4.5,4.0,2.0,1.0,1.25,0.75,0.5,2.0,4.0,4.75,2.0,0.75,0.75,0.5,0.5,3.25,4.5,3.5,3.5,0.75,0.5,1.25,0.75,3.5,3.25,3.75,3.5,1.75,0.75,1.75,1.5,2.25,2.75,2.25,1.25,1.5,1.75,1.0,1.25,1.0,2.0,1.5,1.25,0.75,2.0,2.0,1.25,1.25,1.75,1.5,2.0,1.25,2.0
22,0.25,0.5,1.75,1.75,1.25,1.0,0.25,0.25,0.5,0.75,1.25,4.0,4.0,1.25,1.25,0.5,0.25,0.0,1.0,4.0,4.25,1.5,0.25,0.5,0.25,0.25,2.5,4.25,3.75,3.25,0.75,0.5,0.25,0.25,3.0,3.25,3.25,2.75,1.0,0.5,1.0,1.25,1.5,2.25,2.0,1.25,1.0,1.0,1.0,1.0,1.25,1.5,1.0,1.0,0.75,1.5,1.0,1.25,1.5,1.0,1.25,1.25,1.0,1.75
23,1.0,1.5,2.25,2.25,1.25,1.5,0.0,1.0,1.25,1.5,2.0,4.75,4.5,2.75,2.0,2.0,0.75,0.75,1.75,4.25,5.0,2.0,1.0,1.0,0.75,1.0,3.5,4.75,4.25,4.0,1.5,0.75,1.25,1.25,3.75,3.75,4.0,3.75,2.25,1.25,1.75,1.5,2.5,2.75,2.25,1.75,1.25,2.25,2.0,2.0,1.5,2.25,1.75,1.5,1.5,2.25,2.0,1.5,1.75,1.25,2.25,1.0,1.75,1.5
24,0.0,0.5,2.0,1.75,1.0,0.75,0.25,0.25,0.5,0.75,1.25,4.25,3.5,1.5,0.75,0.5,0.25,0.0,1.0,3.5,4.0,1.0,0.75,0.5,0.5,0.5,3.25,4.0,3.25,3.25,0.25,0.25,0.0,0.5,3.0,2.75,3.25,3.0,1.25,0.25,0.75,1.0,1.5,2.25,1.5,1.25,1.0,0.5,0.5,1.5,1.0,1.75,0.5,0.5,0.5,1.5,1.5,1.0,1.5,1.0,1.0,0.75,0.75,1.5
25,0.5,1.25,2.0,2.25,1.75,1.5,0.0,1.0,1.0,1.0,2.0,5.25,4.0,1.75,1.75,1.25,0.5,0.5,1.5,5.0,4.0,2.0,1.25,0.5,0.25,0.75,3.75,4.5,4.25,3.75,0.5,0.75,0.75,1.25,3.5,3.5,3.75,3.5,1.25,0.75,1.5,1.5,2.25,2.75,2.25,1.75,1.5,2.0,1.5,1.5,1.5,2.25,1.25,1.25,1.0,2.0,2.25,1.5,2.0,1.25,1.5,1.0,1.25,2.25
26,1.0,0.5,2.0,2.25,0.75,1.0,0.5,0.75,1.25,1.25,2.5,5.5,3.0,1.75,1.5,1.0,0.5,0.5,1.75,4.5,3.75,1.25,0.0,0.0,0.25,0.5,3.75,4.25,3.75,3.25,0.5,0.25,0.5,1.25,3.25,3.75,4.0,3.5,1.25,0.5,1.25,1.25,2.0,2.75,1.75,1.25,0.75,1.0,1.0,1.75,1.25,1.25,0.75,1.25,0.5,1.25,2.0,1.5,1.5,1.5,1.5,1.0,1.0,1.25
27,0.5,1.0,2.0,2.25,1.0,1.25,0.0,0.75,0.25,1.0,1.25,5.25,2.75,1.25,1.25,0.75,0.0,0.25,1.75,4.5,3.25,1.0,0.5,0.0,0.25,0.5,3.75,4.25,3.5,3.0,0.25,0.5,0.0,1.0,3.0,3.25,3.75,3.25,1.0,0.75,1.0,1.0,1.75,2.5,1.75,1.25,0.5,1.25,0.75,1.0,1.25,1.25,0.75,0.25,0.5,1.75,1.75,1.25,1.0,1.0,1.0,1.25,1.0,1.0
28,0.75,0.75,2.0,2.5,1.0,1.0,0.75,0.75,0.75,1.0,1.75,5.25,3.0,1.5,1.75,1.0,0.5,0.25,1.75,4.5,4.0,1.75,0.75,0.75,0.25,0.5,3.75,4.75,4.0,3.5,1.0,0.0,0.75,1.25,3.25,3.0,4.0,3.0,1.25,0.25,1.25,1.25,2.0,2.5,1.75,1.5,1.0,1.25,1.25,1.25,1.5,1.5,1.5,0.75,0.75,1.25,2.0,0.75,1.75,1.5,1.25,1.25,1.25,1.0
29,0.5,1.5,2.25,2.5,1.0,1.25,0.25,0.5,0.75,1.25,2.0,5.0,3.0,1.5,1.0,1.0,0.75,0.5,2.0,4.75,3.75,1.25,0.5,0.25,0.0,0.5,3.5,4.5,4.0,3.5,0.5,0.5,0.75,1.0,3.75,3.5,3.5,3.5,1.0,0.25,1.25,1.25,2.0,2.5,2.0,1.25,1.0,1.25,1.5,1.5,1.5,2.0,1.25,0.75,0.75,1.5,1.5,1.5,1.75,1.25,0.75,1.0,1.0,2.0
30,0.25,1.0,2.0,3.0,1.25,0.75,0.0,0.5,0.5,0.75,2.0,5.0,2.5,1.0,1.0,0.5,0.5,0.75,2.75,4.75,3.5,1.0,0.0,0.25,0.5,1.25,4.0,4.0,4.0,2.5,0.0,0.25,0.5,1.75,3.25,3.75,3.25,3.0,0.5,0.75,0.75,1.25,2.0,2.25,1.5,1.0,0.75,1.5,0.75,1.0,1.25,1.25,0.75,0.5,0.75,1.0,1.0,1.0,1.25,1.0,1.0,0.75,1.0,1.75
31,0.25,1.0,2.0,3.5,0.25,1.25,0.0,0.0,1.0,1.0,3.25,5.25,1.75,1.0,1.0,0.5,0.5,0.75,3.5,4.75,3.25,1.25,0.5,0.5,0.75,3.0,4.25,4.0,3.5,2.0,0.0,0.0,1.0,3.0,3.0,4.0,3.25,2.75,0.25,0.25,1.25,1.5,2.0,2.5,1.75,1.0,0.5,0.75,1.0,1.5,1.5,1.75,0.5,0.75,0.75,1.5,1.25,0.75,1.25,0.75,1.0,1.5,1.5,1.75
32,1.0,1.25,3.0,2.5,0.5,0.75,0.0,0.25,1.0,1.25,4.25,5.0,1.0,1.25,0.5,0.25,0.75,0.75,4.0,4.75,3.0,1.0,0.5,0.5,0.75,2.25,4.5,4.25,3.5,2.0,0.0,0.25,0.5,2.5,3.0,3.75,3.5,2.75,0.25,0.0,1.5,1.25,2.0,2.75,1.5,1.25,0.75,1.25,1.25,1.25,1.5,1.5,0.75,0.75,1.0,1.0,1.25,1.5,0.75,1.0,0.75,1.25,1.0,1.75
33,1.0,1.5,3.0,2.25,0.75,0.75,0.0,0.75,1.5,2.0,5.75,3.5,1.5,2.0,1.0,1.0,1.25,0.75,5.0,4.5,3.25,1.5,0.75,0.75,1.25,2.75,4.5,4.75,3.75,2.5,1.0,0.25,1.0,3.25,3.75,4.25,4.0,3.25,0.75,0.75,2.0,2.25,2.75,3.25,2.25,1.75,1.5,1.25,2.0,1.75,1.5,2.5,0.75,1.0,1.5,2.25,2.0,2.0,2.0,1.25,1.5,1.0,1.25,2.5
34,1.0,1.75,3.25,1.75,0.75,1.0,0.25,1.0,1.0,1.75,5.25,3.5,1.5,1.5,1.25,0.75,0.75,1.25,4.5,4.5,2.75,0.75,0.75,0.75,0.75,2.75,4.5,4.0,4.0,1.75,0.5,0.25,1.0,3.0,3.5,4.0,3.75,3.25,0.25,0.0,1.25,1.5,2.5,2.5,1.5,1.75,1.25,1.5,1.25,1.5,1.5,2.25,1.0,1.25,1.0,1.5,1.75,1.75,1.5,1.5,1.5,1.0,1.0,1.0
35,0.5,1.0,2.25,2.0,0.0,1.0,0.25,0.75,0.5,1.25,4.75,3.5,1.25,1.0,0.75,0.5,0.5,0.75,4.25,4.5,2.25,1.0,0.25,0.0,0.5,2.75,4.0,4.5,3.5,1.75,0.25,0.25,1.0,3.75,3.0,3.25,3.5,2.25,0.25,0.5,0.75,0.75,2.25,2.5,1.5,1.25,0.75,1.0,1.25,1.5,1.25,1.25,1.0,0.5,0.75,1.5,1.25,1.5,1.25,1.0,1.0,1.25,1.25,1.5
36,0.75,1.25,2.75,1.5,0.5,1.0,0.5,1.0,1.25,1.5,5.75,3.0,1.5,1.5,1.0,1.0,1.0,1.0,4.5,4.0,2.75,1.0,1.0,0.75,1.0,2.5,4.0,4.5,4.0,2.25,0.0,0.5,1.25,3.75,3.5,3.75,3.75,2.75,0.25,0.5,1.5,1.75,3.0,3.0,2.25,1.25,1.25,1.25,1.5,1.75,2.0,1.25,1.25,0.75,1.25,1.25,1.75,1.5,1.5,1.5,1.5,1.0,1.5,2.0
37,0.75,1.0,3.0,1.5,0.0,0.25,0.25,0.5,1.25,2.75,5.75,2.0,1.0,1.0,0.75,0.5,0.75,1.25,5.0,4.0,2.75,1.0,0.25,0.5,1.0,2.75,4.0,4.0,3.5,1.75,0.0,0.5,1.0,4.0,3.5,3.75,3.5,2.75,0.75,0.0,1.0,1.25,2.5,2.25,1.75,0.75,0.5,1.0,1.25,1.25,1.75,1.5,0.75,0.75,1.25,1.25,1.75,1.25,1.25,1.0,0.75,1.0,0.75,1.75
38,0.75,1.25,2.5,0.5,0.25,1.25,0.25,0.5,1.0,3.0,5.5,2.0,1.5,1.25,1.0,0.75,0.5,1.75,5.5,3.5,2.75,0.75,0.0,0.25,0.25,2.5,4.25,4.25,3.25,1.75,0.0,0.75,1.0,4.0,3.5,3.75,3.75,2.5,0.25,0.25,1.25,1.25,2.5,2.5,1.5,1.5,0.5,1.25,1.25,1.5,1.75,1.0,0.75,0.75,1.25,1.25,1.5,1.75,2.0,1.0,1.25,1.25,1.25,1.5
39,1.25,1.75,2.5,0.75,0.25,1.0,0.0,0.0,1.5,2.75,6.25,1.75,1.0,1.5,1.25,1.0,0.75,2.0,5.5,4.0,3.0,0.75,0.75,0.25,1.0,2.25,4.5,4.5,3.5,1.75,0.25,0.25,1.25,4.0,3.5,3.25,4.0,2.75,0.5,0.5,1.5,1.25,3.0,2.5,1.75,1.0,0.5,1.0,1.25,1.5,2.0,1.75,1.5,1.25,1.25,1.25,2.25,1.5,1.75,1.5,1.25,1.0,1.25,2.0
40,1.5,1.75,3.25,1.25,0.5,1.0,0.25,0.75,1.25,2.0,6.25,3.0,1.5,1.75,1.5,1.25,0.75,1.25,5.0,4.0,2.5,1.0,0.5,0.25,0.75,2.5,4.5,4.5,3.75,1.75,0.5,0.0,0.75,3.5,3.5,3.75,4.0,2.5,0.5,0.5,1.25,1.5,2.5,2.5,2.25,1.5,1.0,1.0,1.5,1.75,1.75,2.0,0.75,1.0,1.0,1.25,1.5,1.75,1.75,1.5,1.0,1.5,1.5,1.75
41,1.0,1.25,3.0,1.5,0.5,0.75,0.0,0.75,1.25,2.0,5.5,3.5,1.0,1.75,1.5,1.5,1.0,0.75,4.75,4.25,2.5,0.5,0.75,1.0,0.5,2.5,4.75,4.5,3.75,1.75,0.25,0.25,1.0,2.75,3.5,3.75,3.75,3.0,0.5,0.5,1.25,1.5,2.75,2.75,2.0,1.5,1.25,1.25,1.5,1.75,1.75,2.25,0.5,1.0,1.5,1.25,1.75,1.75,1.5,1.0,1.5,0.75,1.25,2.0
42,1.25,1.0,3.0,2.5,0.5,1.25,0.0,1.0,1.5,1.75,5.25,5.25,1.5,1.75,1.5,0.75,1.25,0.75,4.25,5.25,3.25,1.0,0.5,1.0,1.25,2.75,5.0,4.75,4.0,1.75,0.5,0.75,0.75,2.25,4.0,3.75,4.0,2.75,0.75,0.75,1.5,1.75,2.5,3.25,1.75,1.5,1.25,1.25,1.25,2.25,1.75,2.0,1.0,1.5,1.75,2.0,1.5,1.5,1.5,1.25,1.5,1.5,1.5,2.5
43,1.25,1.25,3.0,2.5,0.75,1.25,0.25,0.5,1.0,1.5,4.75,5.0,1.5,1.75,1.0,0.75,0.75,0.75,4.5,4.75,2.75,1.0,0.75,1.0,0.5,2.75,4.75,5.0,4.0,2.25,0.0,0.25,1.25,2.0,3.5,4.0,4.0,2.75,0.5,0.75,1.5,1.75,3.0,3.0,1.5,1.5,1.25,1.75,1.5,2.25,2.0,2.25,1.0,1.0,1.25,2.25,1.5,2.0,1.75,1.5,1.25,1.25,1.25,2.0
44,0.75,0.75,2.5,2.25,0.5,1.0,0.5,0.0,0.5,1.5,4.75,4.75,1.25,1.0,1.5,1.0,1.25,1.25,4.0,4.75,2.5,0.75,0.75,0.75,1.0,2.25,4.75,4.5,3.75,2.0,0.25,0.25,0.5,2.75,3.5,3.75,3.5,2.75,0.75,0.75,1.25,1.25,2.5,3.0,1.75,1.0,1.25,1.0,1.5,1.25,1.5,2.0,1.25,0.75,1.75,2.0,1.75,1.5,1.5,1.25,1.0,1.25,1.25,1.75
45,0.75,1.75,2.5,2.0,0.5,1.0,0.5,1.0,1.25,1.75,4.75,4.25,1.25,1.75,1.25,0.5,1.0,0.5,4.5,4.75,3.0,1.25,0.5,0.75,0.5,2.25,4.75,4.25,3.5,1.75,0.25,0.0,1.25,2.5,3.75,4.25,3.0,2.75,0.5,0.75,1.0,1.25,2.25,2.75,1.75,1.75,1.0,1.5,1.25,1.75,2.25,2.0,1.25,0.75,1.0,1.75,1.5,1.0,1.5,1.0,1.25,1.5,1.25,2.25
46,0.75,1.25,2.5,1.75,0.5,0.5,0.25,0.25,1.0,1.25,4.75,4.5,0.75,1.5,1.5,0.5,0.5,0.5,4.5,4.5,2.5,0.75,0.25,0.75,0.5,2.0,4.25,4.0,3.5,1.25,0.0,0.25,0.25,2.0,3.25,3.75,3.5,2.25,0.25,0.5,1.0,1.0,2.0,2.75,1.75,1.25,1.0,1.5,0.75,1.25,1.5,1.75,1.25,0.5,0.5,1.25,1.75,1.75,1.5,1.25,1.0,1.0,1.0,1.0
47,1.0,1.25,2.75,2.0,0.75,0.75,0.25,0.25,0.75,1.25,4.5,4.75,1.0,1.5,1.25,0.25,0.5,0.75,4.5,4.5,2.75,0.75,0.0,0.75,0.5,2.0,4.5,4.0,3.75,1.5,0.0,0.25,0.5,2.0,3.5,3.25,3.25,2.75,0.5,0.0,0.75,1.0,2.0,2.5,1.75,0.75,0.75,1.5,1.25,1.5,1.5,1.75,0.75,1.0,0.75,1.25,1.75,1.25,1.5,1.0,1.0,1.5,0.75,1.5
48,0.75,1.75,2.75,2.0,1.0,1.5,0.5,1.25,1.25,1.75,5.25,5.0,1.5,2.0,1.5,1.0,1.0,1.25,4.5,4.75,2.75,1.0,0.25,0.25,0.75,2.5,4.75,4.5,4.25,2.0,0.5,0.0,1.0,2.5,3.75,4.25,4.0,3.0,0.75,1.5,1.75,2.25,2.75,3.0,1.75,1.5,1.0,1.5,1.75,1.75,1.75,1.75,1.0,1.5,1.25,1.75,2.25,2.25,2.0,1.5,1.75,1.25,1.5,1.5
49,1.0,1.5,2.25,2.25,0.5,1.0,0.25,0.25,0.5,1.25,4.25,4.75,1.0,1.75,1.0,0.75,0.25,1.0,4.0,4.75,2.75,0.5,0.75,0.5,1.0,2.0,4.25,4.25,3.75,1.75,0.25,0.5,0.25,1.75,3.5,3.5,3.5,2.0,0.0,0.0,1.25,1.0,2.75,2.5,1.5,1.25,0.25,0.75,1.0,1.0,1.5,1.25,0.75,1.0,1.0,1.0,1.25,1.75,1.75,1.0,1.0,0.75,1.0,1.25
50,0.75,1.25,2.25,3.25,0.5,1.25,0.5,0.75,0.5,1.0,4.25,5.75,2.0,1.5,1.25,0.75,0.0,0.75,2.75,6.0,3.5,1.75,0.75,0.25,0.75,2.0,4.5,4.5,4.0,2.75,0.5,0.5,1.0,2.0,3.75,4.0,4.0,3.25,0.5,0.75,1.25,1.0,2.75,2.75,2.0,1.5,0.75,1.75,1.25,1.25,1.5,1.5,1.0,1.0,1.25,1.5,2.0,1.25,1.75,1.0,1.25,0.75,1.0,2.25
51,0.5,0.75,2.0,3.5,0.75,1.0,0.25,0.5,1.0,0.75,3.0,5.5,2.75,1.25,0.75,0.75,0.25,0.5,3.0,5.5,3.25,1.25,0.25,0.25,0.25,0.75,4.0,4.5,3.5,2.75,0.0,0.25,1.0,1.5,3.5,4.0,4.0,3.25,0.25,0.0,1.75,1.5,2.25,2.75,1.75,1.25,0.75,1.0,1.25,1.25,1.25,1.5,1.0,1.0,0.75,1.75,1.5,1.5,1.25,1.25,1.0,1.0,0.75,1.75
52,0.5,1.0,1.5,3.5,1.75,1.0,0.0,0.5,0.5,0.5,1.5,5.25,3.5,1.5,1.0,0.75,0.5,0.25,2.0,5.0,4.5,1.5,0.25,0.5,0.25,0.25,4.0,4.25,3.75,3.5,0.25,0.25,0.5,0.75,3.5,3.25,3.25,3.25,1.0,0.75,0.5,1.0,2.0,1.75,2.0,1.0,0.5,1.25,0.75,1.25,1.0,1.75,1.0,1.0,1.0,1.5,1.5,1.0,1.0,0.75,1.5,1.0,0.75,2.0
53,0.25,0.75,1.75,3.25,3.5,1.5,0.75,1.0,0.75,1.25,1.75,4.5,5.25,1.5,1.5,1.0,0.0,0.75,1.5,4.5,5.75,3.0,1.25,0.75,0.5,0.0,3.25,4.5,4.25,3.75,2.0,1.0,0.75,1.0,3.0,3.5,4.0,3.5,2.5,0.25,1.5,1.25,1.75,2.75,2.0,1.75,1.0,1.5,1.25,1.5,1.0,1.5,1.0,1.0,1.5,1.25,1.5,1.5,1.5,1.25,1.25,1.5,1.0,1.5
54,1.0,1.25,2.25,2.75,3.75,1.75,1.0,1.25,0.75,1.5,1.75,4.25,6.0,2.5,2.0,1.25,0.25,0.0,1.75,3.75,5.5,3.5,1.25,1.0,0.5,0.5,3.0,4.5,4.25,4.0,3.0,0.5,0.75,0.75,3.0,3.5,4.25,3.25,3.25,1.0,1.25,1.0,2.25,2.25,2.25,2.0,1.75,1.75,1.5,1.5,1.25,1.5,1.75,1.25,1.5,2.25,2.0,1.5,1.75,1.0,1.5,1.25,1.5,2.5
55,0.25,0.5,2.0,2.25,3.25,2.0,0.25,0.75,0.75,1.0,2.0,3.25,6.0,2.5,2.25,1.25,0.5,0.25,1.25,3.5,5.25,3.5,1.25,0.5,0.5,0.25,2.0,4.75,4.5,4.25,3.0,1.0,0.0,0.25,2.0,3.75,4.5,3.5,3.75,1.25,1.5,1.25,1.5,2.75,1.75,1.5,1.5,1.25,1.75,1.25,1.25,1.75,1.75,1.5,1.25,1.75,1.5,1.75,1.25,1.25,1.25,1.25,1.5,1.5
56,0.25,0.5,1.75,2.5,2.75,1.75,0.25,0.25,0.75,0.75,1.5,2.75,5.75,2.75,1.25,1.25,0.0,0.25,1.75,3.0,5.5,3.25,1.0,0.75,0.25,0.25,2.0,4.0,4.25,4.0,3.0,0.75,0.75,0.25,1.75,3.75,4.0,3.0,3.5,1.25,1.0,1.25,2.0,2.25,1.75,2.0,1.25,1.5,1.5,1.5,2.0,1.5,1.0,1.5,1.5,1.25,1.25,1.25,1.25,1.5,1.5,1.0,1.0,1.0
57,0.5,1.0,1.75,1.5,2.75,2.0,0.5,0.25,1.0,1.75,1.0,2.75,5.5,2.5,1.5,1.25,0.5,0.0,1.0,3.0,5.25,2.5,1.25,0.5,0.5,0.25,2.0,4.25,4.25,4.25,2.75,0.75,0.75,0.25,1.75,3.75,4.0,3.25,3.0,1.25,1.0,1.5,2.0,2.5,2.0,1.5,1.5,1.5,0.75,1.5,1.75,1.5,1.0,1.0,0.75,1.5,1.75,1.5,1.75,1.0,1.75,1.0,1.5,2.0
58,0.75,1.25,1.5,1.75,3.0,1.75,0.5,0.75,1.0,0.75,1.5,3.25,6.0,2.75,1.75,1.25,0.5,0.25,1.25,3.0,5.5,2.75,1.25,0.5,0.25,0.0,2.0,4.5,4.0,4.0,2.75,1.25,0.5,0.5,2.0,3.75,4.0,3.25,2.75,1.5,1.5,0.75,2.0,2.25,2.5,1.75,1.25,1.5,1.25,1.0,1.25,1.5,1.25,1.0,1.25,1.75,1.5,1.75,1.5,1.5,0.75,1.25,1.5,2.0
59,1.0,1.0,1.75,1.75,2.25,1.75,0.75,0.5,1.25,1.0,1.75,3.0,5.5,2.0,1.5,1.25,0.5,0.5,1.0,3.5,5.5,2.75,1.25,1.0,0.5,0.0,1.75,4.5,4.25,4.25,2.75,0.75,0.75,0.0,1.75,3.5,3.75,3.25,3.25,1.25,1.0,1.25,1.5,2.25,2.25,2.0,1.5,2.0,1.0,1.5,1.25,2.0,1.5,1.25,1.25,1.5,1.25,1.5,1.75,1.25,1.0,1.75,1.25,1.5
60,0.25,1.25,1.25,1.75,2.0,1.25,0.25,0.5,0.25,1.25,1.25,2.25,5.75,2.25,1.25,1.0,0.0,0.25,1.0,3.0,5.5,2.5,1.0,1.0,0.0,0.0,1.25,4.25,4.0,4.0,2.25,0.5,0.0,0.0,1.75,3.75,3.75,2.5,3.5,0.75,1.25,1.25,1.5,2.25,2.0,1.5,1.25,1.25,1.25,1.0,1.5,1.25,1.25,1.0,1.25,1.5,1.75,1.25,1.5,0.75,0.5,0.75,1.0,1.5
61,0.5,1.0,2.25,1.5,2.5,1.5,0.75,1.0,0.75,1.25,1.75,2.75,6.25,2.25,2.0,1.25,0.25,0.0,1.5,2.75,5.75,2.75,1.25,0.75,0.5,0.25,2.0,4.25,4.0,3.75,2.75,1.25,0.5,0.5,1.5,4.0,4.25,3.25,3.5,1.25,1.75,1.25,1.75,2.5,2.75,1.75,1.5,1.5,1.5,1.75,1.5,1.5,1.0,1.25,1.75,2.25,1.5,1.25,1.25,1.5,1.0,1.75,1.5,1.5
62,0.5,0.75,2.0,2.0,2.75,1.5,0.25,0.75,0.5,0.75,1.75,2.5,6.0,3.0,1.5,0.75,0.5,0.0,1.75,3.0,5.75,3.25,1.25,1.0,0.75,0.5,2.25,4.5,4.5,4.25,2.75,1.0,1.25,0.75,1.75,4.0,3.5,3.25,3.25,1.25,1.25,1.0,2.0,2.5,2.5,1.5,1.0,2.0,1.5,1.25,1.25,1.75,1.5,0.5,1.75,1.5,2.25,1.0,2.0,1.25,1.0,1.25,1.25,2.0
63,0.25,0.75,1.0,2.0,2.75,1.25,0.5,0.75,0.0,1.0,1.5,2.75,5.5,2.0,1.25,1.0,0.25,0.0,1.5,2.75,5.5,2.5,0.5,0.5,0.25,0.25,1.75,4.25,3.75,4.0,2.5,0.5,0.0,0.25,1.75,3.75,3.75,3.25,3.0,1.0,1.25,0.5,1.25,2.5,2.0,1.5,1.25,1.75,1.25,1.25,1.0,1.25,1.0,0.75,1.25,1.75,1.0,0.75,1.5,1.0,1.0,1.0,1.5,1.5
64,0.75,0.75,1.25,1.5,2.25,1.5,0.0,1.0,0.75,0.5,1.0,2.75,5.75,2.5,1.5,0.75,0.5,0.25,1.5,2.75,5.5,2.75,1.25,0.25,0.5,0.25,2.0,4.5,4.0,4.25,2.0,0.75,0.25,0.5,2.0,3.5,3.75,3.5,2.75,1.25,0.5,1.25,1.5,2.5,2.25,1.5,0.75,1.0,0.75,1.25,1.0,1.0,0.75,0.75,1.25,1.25,2.0,1.5,2.0,0.75,1.25,0.75,1.25,1.25
65,1.75,1.0,2.25,2.0,2.75,1.5,0.75,0.75,1.25,1.0,1.5,2.5,5.75,2.75,1.75,1.0,0.0,0.25,1.5,3.25,5.5,2.75,1.25,0.5,1.0,0.5,2.0,4.25,4.5,3.75,2.75,0.75,1.0,0.75,2.0,3.5,3.75,3.25,3.5,1.5,1.25,1.5,2.25,2.25,2.0,2.0,1.25,1.25,1.5,1.5,1.5,1.75,1.25,1.25,1.25,1.25,2.25,1.25,1.75,1.5,1.75,1.25,1.5,2.0
66,0.25,0.75,1.25,1.25,2.25,1.0,0.5,0.75,0.5,0.75,1.5,2.75,5.75,2.75,1.75,0.5,0.25,0.0,1.5,3.0,5.25,2.25,1.5,0.5,0.25,0.25,2.0,4.25,4.0,3.75,2.5,1.25,0.0,0.25,2.0,3.5,3.5,3.0,3.0,1.0,0.75,1.5,1.75,2.5,2.0,2.0,1.25,1.25,1.0,1.75,1.25,1.75,1.0,0.75,1.25,1.75,1.0,1.25,1.25,1.0,1.0,1.25,1.25,1.75
67,0.25,0.75,1.0,1.25,2.25,1.25,0.25,0.0,0.25,0.0,0.75,2.25,5.0,2.0,1.0,0.5,0.25,0.0,0.5,2.5,5.25,2.25,0.5,0.0,0.0,0.0,1.25,3.75,4.0,3.5,2.0,0.5,0.25,0.25,1.25,3.25,4.0,2.75,2.5,1.0,0.75,0.75,1.0,2.0,2.0,1.25,0.75,1.0,1.25,1.0,1.0,1.25,1.0,0.75,0.5,1.5,1.75,0.75,1.0,1.0,1.0,0.0,1.0,1.25
68,0.5,0.75,1.75,1.5,2.25,1.75,0.25,0.5,0.75,0.75,1.0,2.25,6.0,2.5,1.25,1.0,0.0,0.5,1.0,3.0,5.5,2.25,1.0,0.25,0.25,0.0,1.5,4.25,4.5,4.0,2.25,0.5,0.5,0.25,2.0,3.5,4.0,3.25,3.0,0.5,0.75,1.0,1.75,2.0,2.0,1.5,1.25,1.5,0.75,1.5,0.5,2.0,0.75,1.75,1.25,1.75,1.75,1.0,1.5,1.25,1.5,1.0,1.25,1.75
69,0.0,0.5,1.25,1.25,2.25,1.5,0.25,0.75,0.5,0.75,1.25,2.5,5.5,1.75,1.5,0.5,0.25,0.25,1.25,2.75,5.5,2.5,1.0,0.75,0.0,0.0,2.0,3.75,4.0,4.0,2.0,0.25,0.25,0.25,1.5,3.25,3.75,2.75,2.5,0.25,1.0,0.75,1.75,2.0,1.75,1.0,0.75,1.25,1.0,0.75,1.0,0.75,0.75,0.25,0.5,1.25,1.0,0.75,1.5,1.0,1.0,0.75,1.0,0.75
70,0.25,0.75,1.75,2.5,2.5,1.5,0.0,0.25,0.0,0.75,1.25,3.75,5.25,1.75,1.5,0.25,0.0,0.25,1.0,3.5,5.0,2.0,0.5,0.0,0.25,0.5,2.5,4.5,3.5,3.5,1.0,0.5,0.25,0.5,2.75,3.5,3.5,3.0,2.25,0.0,1.0,1.0,1.25,2.5,1.75,1.5,1.25,0.75,1.0,1.0,1.25,1.5,1.0,1.0,1.0,1.75,2.0,1.25,1.0,0.75,0.75,1.0,0.5,1.25
71,0.5,1.0,2.0,3.0,2.75,1.25,0.25,0.75,0.75,0.75,1.75,4.75,4.5,1.75,0.75,1.0,1.0,0.0,2.25,4.75,4.5,2.0,0.5,0.5,0.0,0.75,3.75,4.75,3.75,3.25,0.5,1.0,0.5,0.75,3.5,3.5,3.75,3.5,1.5,0.25,1.0,1.5,2.0,2.75,2.0,1.5,1.25,1.75,1.75,1.25,1.5,1.5,1.0,1.0,1.5,1.25,1.5,1.0,1.5,1.5,1.0,1.5,1.0,1.5
72,0.5,0.25,2.0,3.5,2.0,1.0,0.5,0.25,0.5,1.0,1.5,4.75,3.5,1.5,0.75,0.75,0.25,0.5,2.5,4.5,3.75,1.25,0.25,0.0,0.25,0.75,3.75,4.5,3.75,2.75,0.0,0.0,0.5,0.75,3.25,3.25,3.5,3.5,1.5,0.25,1.0,1.0,1.75,2.25,1.75,1.5,1.0,1.25,1.75,1.0,1.5,1.5,0.75,0.5,0.5,1.5,1.5,1.5,1.25,0.5,0.5,1.0,1.0,2.0
73,0.5,1.0,1.75,3.5,1.5,1.25,0.25,0.25,0.5,1.5,2.25,5.25,2.75,1.0,1.0,0.75,0.0,0.5,2.25,5.0,3.25,0.75,0.0,0.25,0.25,0.75,3.75,4.25,3.25,2.75,0.75,0.25,0.25,0.75,3.25,3.5,3.25,3.0,0.5,0.25,0.75,1.25,2.0,2.5,1.75,1.0,0.5,1.25,1.25,1.25,1.25,1.75,0.75,0.5,0.75,1.25,1.5,1.25,1.25,0.75,1.0,0.75,0.75,1.25
74,0.75,1.5,2.25,2.75,0.75,1.25,0.25,0.75,0.5,1.0,2.25,5.75,2.5,1.75,1.25,0.5,1.0,1.0,2.75,5.0,3.5,1.5,0.5,0.5,0.75,1.0,4.25,4.5,3.75,2.5,0.0,0.0,0.25,0.75,3.25,3.5,4.0,3.5,1.0,0.5,1.0,1.0,2.0,3.0,2.0,1.75,1.0,1.25,1.0,1.5,1.5,1.75,1.5,0.75,1.0,1.0,2.0,1.25,1.75,1.0,1.0,1.0,1.5,1.75
75,1.0,1.0,2.5,2.5,0.5,1.25,0.5,0.5,1.25,1.0,2.25,5.5,1.75,1.75,1.25,1.0,0.25,0.25,2.0,5.25,3.0,1.5,0.0,0.5,0.25,0.75,3.75,4.5,4.0,2.75,0.75,0.25,1.0,0.75,3.75,3.25,3.75,3.25,0.5,0.5,1.5,1.25,2.0,2.75,2.0,1.75,0.75,1.5,1.75,1.25,1.25,1.75,1.0,1.0,1.0,1.5,1.5,1.0,1.0,1.25,1.25,1.0,1.0,1.25
76,0.5,1.5,1.75,2.0,0.75,0.5,0.0,0.5,1.0,0.75,2.0,5.0,2.0,1.0,0.75,0.75,0.25,0.25,1.75,5.25,3.0,1.0,0.5,0.25,0.0,0.75,3.75,4.25,3.75,2.75,0.25,0.0,0.5,0.5,3.25,3.75,3.5,3.0,0.25,0.0,1.0,1.0,1.75,2.5,1.75,1.25,0.75,1.0,0.75,0.75,1.0,1.5,0.5,0.75,0.5,1.0,1.75,1.25,1.5,1.0,1.0,0.75,1.5,2.25
77,0.75,0.75,2.0,2.0,1.0,1.25,0.25,0.25,1.25,1.25,2.0,5.5,2.5,1.5,1.25,0.5,0.5,0.5,1.75,5.75,3.25,1.25,0.5,0.0,0.5,1.0,4.5,4.5,3.5,3.0,0.5,0.5,0.75,1.25,3.5,3.75,3.75,3.5,1.0,0.25,1.5,1.25,1.5,2.75,2.0,1.25,1.0,1.5,1.25,1.5,1.25,1.5,0.75,1.0,1.25,1.25,1.75,1.5,1.5,1.25,0.75,0.75,1.25,1.75
78,0.5,1.25,2.25,2.25,0.75,1.25,0.25,0.5,0.75,1.25,2.75,6.0,2.25,1.5,1.5,1.0,0.5,0.5,2.5,5.5,3.25,1.25,1.0,0.25,0.0,1.25,4.25,4.5,3.75,2.75,0.25,0.5,1.0,1.25,3.5,4.0,3.75,3.5,1.0,0.5,1.0,1.25,1.75,3.0,1.75,1.25,1.0,1.0,1.25,1.75,1.5,2.0,1.25,1.0,1.0,1.75,1.5,2.25,1.75,1.0,1.0,1.25,1.25,1.5
79,0.75,1.5,2.5,2.75,0.75,1.5,0.0,1.0,1.0,1.25,3.0,5.5,2.0,1.25,1.0,0.75,0.5,0.75,2.5,5.5,3.25,1.25,0.5,0.25,0.25,1.25,4.25,4.5,4.0,3.25,0.5,0.25,0.5,0.75,3.5,3.75,4.0,3.0,0.75,0.75,0.75,1.25,2.25,2.75,2.0,1.5,1.0,1.0,1.25,1.25,1.25,2.0,1.0,1.0,1.25,1.75,1.5,1.75,1.5,1.25,1.0,1.5,1.25,1.5
80,0.0,0.75,2.0,2.0,0.5,0.75,0.0,0.0,0.5,0.5,2.25,5.5,2.0,1.0,1.0,0.25,0.25,0.5,2.0,5.25,3.0,0.5,0.5,0.25,0.5,0.75,3.75,4.25,3.75,2.25,0.0,0.0,1.0,0.75,3.5,3.75,3.5,3.25,0.75,0.25,0.75,1.0,1.5,2.75,1.75,1.0,1.25,1.0,1.0,1.25,1.5,1.5,1.0,0.75,0.5,1.0,1.75,1.5,1.0,1.0,1.0,1.0,1.0,1.5
81,0.75,1.25,2.0,2.5,0.5,1.0,0.25,0.0,1.5,0.25,2.5,5.25,2.0,1.5,0.75,1.0,0.25,0.5,2.0,5.25,3.0,0.75,0.25,0.5,0.5,1.0,4.25,4.5,4.0,2.5,0.5,0.5,0.25,0.5,3.0,3.75,3.25,3.25,0.5,0.5,0.75,1.0,2.0,2.25,1.75,1.5,1.0,0.75,1.0,1.0,1.5,1.5,1.0,0.75,1.0,1.5,1.25,1.25,1.25,0.75,1.0,0.75,1.5,1.25
82,1.0,0.5,2.0,2.25,1.0,0.75,0.0,0.75,0.5,1.0,2.25,5.25,1.5,1.25,1.25,0.25,0.25,0.25,1.75,4.75,3.0,1.0,0.5,0.5,0.25,0.5,3.75,4.25,3.75,2.5,0.5,0.25,0.25,1.25,3.25,3.5,3.75,3.25,0.5,0.0,0.75,1.25,2.25,2.75,1.75,1.25,0.75,1.0,1.0,1.0,1.0,1.5,0.75,0.5,0.75,1.5,1.5,1.25,1.25,0.5,0.5,1.5,1.0,2.0
83,0.25,0.75,1.75,2.0,0.75,0.5,0.25,0.25,0.75,1.0,2.5,5.75,2.0,1.25,0.75,0.75,0.25,0.75,2.0,5.25,3.25,1.0,0.5,0.25,0.5,0.75,4.0,4.5,3.5,2.5,0.25,0.0,0.5,0.75,3.75,3.5,3.75,3.25,0.75,0.25,1.25,1.5,2.25,2.75,1.25,1.25,0.0,1.5,1.0,1.25,1.0,1.5,1.0,0.5,1.0,1.5,0.75,1.25,1.25,1.25,1.25,1.5,0.75,1.5
84,0.75,1.25,2.25,2.0,0.75,1.0,0.25,0.5,0.5,1.5,2.25,5.5,1.75,1.5,1.0,0.5,0.25,0.0,2.0,5.25,3.25,0.75,0.25,0.0,0.25,0.75,4.0,4.25,4.0,2.75,0.25,0.0,0.0,0.5,3.25,3.5,3.5,3.25,0.75,0.5,1.25,1.25,2.0,2.25,1.0,1.75,1.25,1.75,1.5,1.0,1.25,1.5,0.75,1.0,1.0,2.0,1.0,1.25,1.5,0.75,1.0,1.0,1.25,1.5
85,0.5,1.5,2.5,2.25,0.5,0.75,0.0,0.5,1.0,1.0,2.75,5.5,1.75,1.25,1.25,0.75,0.25,0.5,2.0,5.25,2.75,1.25,0.5,0.25,0.25,1.0,4.0,4.25,3.5,2.75,0.25,0.5,0.0,1.0,3.25,3.5,3.75,3.25,0.75,0.5,1.5,1.5,1.75,2.75,1.75,1.25,0.75,1.0,1.0,1.0,1.0,1.75,0.75,0.5,1.0,1.25,1.75,1.0,1.5,0.75,1.0,1.5,0.75,2.0
86,0.25,1.0,2.5,1.75,1.0,1.0,0.25,0.25,1.25,1.25,2.25,5.5,1.75,1.5,1.25,1.0,0.5,0.75,2.25,5.5,3.25,1.0,0.0,0.5,0.25,0.75,4.0,4.25,3.75,2.25,0.25,0.5,0.5,1.0,3.25,3.75,3.5,3.5,0.75,0.0,1.5,0.75,2.0,2.75,1.75,0.75,0.5,0.75,1.25,1.25,1.0,2.0,0.25,1.0,0.75,0.75,1.0,1.5,1.0,1.5,1.0,1.25,1.25,1.25
87,0.5,1.25,2.0,2.25,0.5,1.0,0.0,0.25,1.0,0.25,2.5,5.75,2.25,1.25,0.75,0.75,0.0,0.5,2.25,5.0,3.25,0.5,0.25,0.5,0.0,0.75,4.0,4.0,3.5,2.5,0.25,0.25,0.25,0.75,3.25,3.75,3.5,3.0,0.5,0.5,0.75,1.5,1.75,3.0,1.75,1.5,0.75,0.75,1.5,1.0,1.5,1.5,0.75,0.75,1.0,1.5,1.5,1.25,1.75,1.0,0.75,0.75,1.0,1.5
88,0.75,1.0,1.75,2.0,0.75,1.25,0.25,0.25,1.0,1.0,2.5,5.75,1.75,1.5,1.0,0.5,0.0,0.25,1.75,5.25,3.0,0.75,0.25,0.5,0.25,0.75,4.25,4.5,3.75,2.5,0.0,0.25,0.25,0.75,3.75,3.25,3.5,3.0,0.75,0.25,1.0,1.0,2.0,3.0,1.25,1.75,1.0,1.0,1.25,1.5,1.0,1.5,1.25,1.0,1.0,1.0,1.75,1.25,1.0,0.75,0.75,1.5,1.5,1.5
89,0.5,0.5,1.75,2.0,0.5,0.5,0.5,0.0,1.0,0.75,2.5,5.5,1.5,1.0,1.0,0.0,0.5,0.25,2.0,4.75,3.0,0.75,0.25,0.0,0.0,0.75,3.75,4.25,3.75,2.25,0.25,0.0,0.0,0.5,3.0,3.5,3.5,3.0,0.25,0.0,0.75,1.0,1.75,2.75,1.5,1.0,0.5,0.25,1.0,1.0,1.0,1.5,1.0,0.75,0.5,1.25,1.25,1.0,1.0,0.75,1.0,0.5,1.0,0.75
90,0.75,1.25,2.25,2.75,1.25,1.0,0.75,1.0,1.0,1.25,2.25,6.0,2.75,1.5,1.0,1.0,1.0,1.0,2.0,5.75,3.5,1.5,0.0,0.75,0.75,0.5,4.5,4.5,4.25,2.75,0.25,0.75,1.0,1.25,3.75,3.75,4.25,3.5,1.0,1.25,1.5,1.5,2.25,3.0,2.0,1.5,1.0,1.25,1.5,2.0,1.5,2.0,1.25,1.25,1.0,1.75,1.5,1.5,1.5,1.25,1.5,1.25,1.25,1.5
91,0.75,0.75,2.0,3.0,1.5,1.25,0.25,0.25,1.0,1.0,2.0,5.5,2.75,1.75,1.0,0.5,0.25,0.75,2.5,5.5,4.25,1.5,0.25,0.5,0.0,1.0,4.25,4.75,4.25,3.25,0.25,0.0,0.5,1.0,3.5,3.5,4.0,3.5,1.25,0.0,1.5,1.25,1.75,2.75,2.0,1.25,1.0,1.25,1.25,1.0,1.25,2.25,1.25,1.25,1.25,1.5,1.75,1.5,1.5,1.0,0.75,1.0,1.5,1.25
92,0.5,1.25,1.75,3.75,2.25,1.5,0.0,0.25,0.75,1.0,1.5,5.0,4.25,2.0,1.0,0.75,0.75,0.25,1.75,5.5,4.75,2.0,0.75,0.25,0.25,1.0,3.75,4.5,4.25,4.25,1.25,0.5,0.25,1.25,3.75,4.25,3.5,3.5,1.75,0.75,1.0,1.5,2.25,3.0,1.75,1.5,0.5,1.75,1.25,1.0,1.0,1.75,1.5,0.75,0.75,1.5,1.25,1.25,1.25,1.0,0.75,1.25,1.0,1.5
93,0.0,1.0,2.0,4.5,3.75,1.5,0.25,0.25,0.5,0.75,1.5,4.75,4.75,1.75,1.25,0.5,0.0,0.0,1.75,5.0,5.25,2.5,0.75,0.5,0.25,0.75,4.25,4.5,4.0,3.75,1.75,0.5,0.5,1.25,3.75,3.75,3.5,3.5,2.25,0.75,1.0,1.0,2.0,2.5,1.75,1.75,0.75,0.75,0.75,1.0,1.0,1.25,0.5,1.0,0.25,1.25,1.75,0.5,0.75,1.0,1.0,0.75,1.0,1.5
94,0.25,1.0,1.75,5.0,4.5,1.5,0.0,1.0,0.25,0.75,1.5,5.0,4.75,1.5,1.5,0.75,0.5,0.5,2.25,5.25,4.75,3.0,1.0,0.25,0.5,1.0,4.5,4.75,4.25,4.25,2.0,0.5,0.5,1.75,3.5,3.5,3.75,3.25,2.5,0.75,1.0,1.25,2.25,2.5,1.75,2.0,1.0,1.5,1.0,1.25,1.0,1.25,1.0,0.75,0.75,1.25,1.5,1.5,1.25,0.75,1.0,1.25,1.25,1.75
95,0.25,0.5,2.0,5.25,4.25,1.0,0.0,0.5,0.75,0.5,1.75,5.25,5.0,1.25,0.5,0.5,0.0,0.25,2.5,4.75,5.0,2.25,0.25,0.0,0.0,1.0,4.0,4.75,4.25,3.75,1.5,0.25,0.25,1.75,3.5,3.25,3.75,3.5,2.0,0.5,1.0,0.75,2.0,2.25,1.5,1.5,0.5,1.5,1.0,1.0,0.75,1.25,0.75,0.5,0.75,1.25,1.75,1.25,0.75,0.25,1.0,1.0,1.5,1.5
96,0.0,0.75,2.0,5.5,4.0,1.5,0.25,0.75,0.25,0.5,2.0,5.25,5.0,1.75,1.0,0.5,0.25,0.5,2.5,5.5,5.5,2.5,0.75,0.0,0.5,1.25,4.5,4.25,4.5,4.0,1.5,0.25,0.5,1.75,3.5,3.75,3.25,3.25,2.25,0.5,1.25,1.5,2.0,2.5,1.75,1.5,0.75,1.25,1.0,0.75,0.75,1.0,0.75,0.75,0.75,1.75,1.25,0.75,1.0,0.75,1.0,1.25,0.5,1.5
97,0.75,0.75,2.25,5.5,4.25,1.25,0.0,0.5,0.75,0.75,1.75,5.0,5.25,1.5,1.5,0.25,0.75,0.75,2.25,5.25,5.5,2.25,0.25,0.5,0.5,1.0,4.75,4.75,4.25,3.75,1.75,0.5,0.5,1.5,3.5,3.5,3.5,3.25,1.75,0.25,1.0,0.75,2.0,2.5,2.0,1.0,1.0,1.25,1.0,1.25,1.0,1.0,1.0,0.75,1.25,1.75,1.5,1.0,1.0,1.25,1.25,1.0,0.75,1.0
98,0.75,1.0,2.25,5.0,4.0,0.5,0.0,0.25,0.25,0.5,2.0,4.75,4.75,1.25,0.5,0.25,0.5,0.25,2.5,5.0,5.0,2.5,0.0,0.25,0.25,1.0,4.0,4.25,4.0,3.75,1.5,0.5,0.5,1.0,3.5,3.0,3.25,2.75,2.25,0.0,0.75,0.75,2.0,2.25,1.5,1.25,0.5,1.0,1.25,0.5,0.75,1.25,0.5,0.5,0.75,1.0,1.5,1.0,1.0,0.5,0.75,0.5,1.5,1.25
99,0.75,1.0,2.25,6.25,4.25,1.5,0.0,0.5,0.5,1.0,2.25,5.75,4.25,2.0,1.25,1.0,0.0,0.0,2.75,5.5,5.5,2.25,0.5,0.0,0.5,1.25,4.25,4.25,4.75,3.5,2.0,0.25,0.75,1.5,3.75,3.5,3.5,3.0,2.75,0.25,0.75,1.25,2.0,2.5,1.75,1.25,1.25,1.0,1.5,1.25,0.75,1.5,0.75,1.0,1.0,0.25,1.5,1.0,1.25,1.0,1.0,0.25,1.5,1.25
100,0.0,0.5,3.25,6.25,4.5,1.5,0.25,0.25,0.5,1.0,2.75,5.75,4.75,1.75,0.75,0.25,0.25,0.5,3.0,5.25,5.0,2.5,0.5,0.0,0.0,1.75,4.5,4.5,4.5,3.75,1.75,0.5,0.25,2.25,3.25,3.5,3.5,3.5,2.5,0.75,0.75,1.0,2.0,2.25,1.75,1.5,1.25,1.0,0.75,1.0,0.75,1.25,0.75,0.5,0.75,0.75,1.0,0.5,1.0,0.75,0.75,0.75,1.0,1.0
101,0.5,0.75,2.5,5.75,3.75,0.75,0.25,0.75,0.0,1.0,2.25,5.25,4.5,1.0,0.5,0.25,0.25,0.0,3.0,5.25,5.0,2.5,0.25,0.0,0.0,1.5,4.5,4.25,4.25,3.5,2.0,0.5,0.0,1.75,3.75,3.25,3.25,2.75,2.25,0.0,0.75,1.0,2.0,2.25,1.5,1.25,0.25,0.75,0.75,1.0,0.5,0.75,0.25,0.5,0.25,1.25,0.5,0.25,0.75,1.0,0.75,0.5,0.25,1.5
102,1.0,1.0,3.75,6.25,5.0,1.75,0.25,0.5,0.75,1.0,2.5,6.0,5.0,2.0,1.25,1.0,0.0,0.75,3.25,5.5,5.5,2.25,0.5,0.5,0.75,2.25,4.25,4.5,4.75,4.25,2.5,0.0,0.75,2.25,3.75,3.75,3.75,3.25,3.25,0.75,1.0,0.75,2.25,2.75,1.75,1.75,1.25,1.25,0.5,0.75,1.25,1.5,0.75,0.75,1.0,0.75,1.5,0.75,1.75,1.0,0.75,1.0,1.0,2.0
103,1.5,1.75,3.75,6.5,5.0,2.25,0.0,0.75,1.0,1.5,3.25,6.25,5.5,2.25,2.0,1.25,0.75,0.75,3.75,6.0,6.0,3.0,1.0,0.25,1.25,2.75,5.0,5.25,5.0,4.5,3.0,0.75,1.25,3.0,4.0,4.25,4.0,4.0,3.5,0.75,1.75,1.5,2.75,3.25,2.75,1.75,1.5,2.0,1.75,1.75,1.25,2.5,1.5,1.25,1.75,1.75,2.0,1.5,2.0,1.5,1.75,1.5,1.5,2.0
104,0.75,1.0,2.75,6.5,4.75,1.5,0.0,0.25,0.75,1.25,2.75,5.75,5.0,1.75,1.25,1.0,0.5,0.5,3.0,5.75,5.25,3.0,0.5,0.5,0.75,2.0,4.5,4.25,4.75,4.0,2.0,0.75,0.25,2.0,3.5,3.5,3.75,3.25,2.5,1.0,1.25,1.0,2.0,2.5,1.75,1.5,1.0,1.25,1.25,1.25,1.25,1.5,1.5,1.0,1.0,1.5,2.25,0.5,1.25,1.0,0.75,1.25,1.25,1.0
105,0.75,1.0,3.0,6.0,4.75,1.5,0.25,0.5,0.75,1.0,2.0,6.0,4.75,1.25,1.75,0.5,0.75,0.25,3.0,5.5,5.5,3.0,0.75,0.5,0.5,1.75,4.5,4.0,4.25,3.5,1.75,0.0,0.75,2.0,3.5,3.75,4.0,3.5,2.5,0.5,1.25,1.25,2.25,2.5,2.5,1.75,0.75,1.5,1.0,1.25,0.75,1.75,1.0,0.75,1.0,1.0,1.0,0.75,1.0,0.5,0.75,0.75,1.0,1.75
106,2.5,1.25,2.0,5.75,3.5,1.5,0.5,0.0,2.5,0.5,2.25,5.5,4.5,1.25,1.25,1.0,2.0,1.0,2.5,5.25,5.25,2.0,0.5,0.25,0.25,1.25,3.5,4.5,3.25,3.75,0.25,0.0,3.25,1.5,3.5,3.5,3.75,3.25,1.75,0.0,1.75,1.0,2.25,2.5,2.0,1.5,1.25,1.25,1.5,1.5,1.0,1.5,1.0,1.25,0.75,1.25,2.0,1.0,1.25,1.25,1.0,1.0,1.25,1.25
107,2.75,3.25,2.5,5.25,3.5,2.0,0.25,2.0,4.0,3.5,2.25,6.0,4.75,2.0,1.5,1.25,4.25,2.0,3.0,5.5,5.25,2.75,1.0,0.5,4.5,3.0,5.0,5.25,4.25,4.0,1.25,0.5,2.75,2.75,4.25,3.5,4.0,3.5,1.5,0.0,2.25,1.75,2.75,3.0,2.25,2.0,1.75,1.75,2.0,2.0,1.75,2.0,1.5,1.25,2.0,1.75,2.5,1.25,2.0,1.0,1.75,1.0,1.75,1.75
108,1.5,3.25,4.25,4.25,3.0,2.0,1.0,1.0,2.0,3.5,4.75,6.0,4.5,1.75,1.25,1.0,2.0,4.0,3.75,5.0,5.0,2.5,1.25,0.5,1.5,4.5,5.0,5.0,4.25,4.25,0.75,1.0,0.75,3.75,4.0,3.75,3.5,3.75,1.25,1.5,2.0,1.5,2.75,2.75,2.25,2.0,1.25,1.75,1.0,2.25,0.75,2.25,0.75,1.5,0.0,1.25,2.0,1.25,1.75,1.25,1.5,1.25,1.25,1.5
109,0.25,0.75,2.25,4.0,1.0,0.75,0.0,0.25,0.5,0.5,2.0,5.0,3.5,1.5,1.0,0.5,0.25,0.0,1.5,4.25,4.0,1.25,0.25,0.5,0.0,0.0,3.25,4.0,3.75,3.25,0.0,0.25,0.5,0.0,3.25,3.0,3.25,3.25,0.75,0.0,0.5,1.0,2.0,2.5,1.5,1.25,1.5,0.75,1.0,1.25,1.75,1.25,0.5,0.75,0.75,1.25,1.75,0.75,1.0,1.0,1.25,0.5,1.25,2.0
110,0.5,1.25,2.5,2.75,3.25,1.5,0.5,1.0,0.75,1.5,2.0,5.0,4.0,2.0,1.5,1.0,0.5,0.5,1.5,4.25,4.25,1.25,0.5,0.5,0.0,0.5,3.5,4.75,4.25,3.5,0.5,0.25,0.75,1.0,3.5,3.75,4.0,3.5,1.0,0.0,1.0,1.5,1.75,2.75,1.75,1.5,0.75,1.0,1.75,1.25,1.5,1.5,1.25,1.0,1.5,1.5,1.5,1.0,1.5,1.25,1.25,1.0,1.25,1.25
111,0.0,1.25,1.75,2.25,1.5,3.25,0.25,0.75,0.5,0.75,1.5,5.0,3.75,3.5,2.0,0.5,0.75,0.5,1.75,4.25,4.0,2.25,1.25,0.5,0.25,0.25,3.75,4.25,3.5,3.5,2.25,0.25,0.5,0.5,3.0,3.0,3.25,3.5,2.0,0.25,0.75,0.5,1.5,2.0,1.5,1.5,1.5,1.5,1.0,1.0,0.75,1.5,0.75,0.75,0.75,1.0,1.25,0.5,1.25,0.5,0.75,1.25,0.75,2.0
112,0.0,0.5,2.0,2.5,1.25,1.5,2.75,1.25,0.25,0.75,1.75,5.0,4.0,2.25,4.0,2.25,0.5,0.0,1.5,4.5,4.25,1.75,4.25,1.25,0.0,0.25,3.5,4.0,4.0,3.25,4.5,1.25,0.5,0.25,3.25,3.25,3.5,3.0,4.5,1.5,1.25,0.75,2.25,2.25,2.5,1.25,2.0,1.5,1.25,1.25,1.25,1.5,1.0,0.75,1.5,1.25,1.5,1.75,1.25,1.5,1.5,1.25,1.5,2.0
113,0.5,1.5,1.5,2.5,1.0,1.25,1.0,2.25,0.25,0.75,1.5,5.25,3.5,1.25,1.5,3.25,0.5,0.0,1.75,4.5,4.25,1.5,1.25,3.75,0.25,0.25,3.25,4.5,3.5,3.25,0.5,3.5,0.5,0.5,2.75,3.25,3.0,2.75,1.0,2.0,1.0,1.0,1.75,2.25,1.75,1.25,0.25,1.5,0.5,0.75,0.75,1.75,1.0,0.5,0.5,1.5,1.25,1.0,1.0,0.75,1.0,0.5,1.25,1.25
114,1.0,0.75,1.75,2.5,1.0,1.25,0.25,1.5,1.0,1.0,1.5,5.0,4.0,1.75,1.25,2.25,0.5,0.0,2.25,4.25,4.0,1.75,0.5,1.75,0.25,1.0,4.0,4.75,4.0,3.5,0.75,1.25,0.5,1.0,3.25,3.25,4.0,3.25,1.0,1.0,1.5,1.25,2.0,2.75,2.25,1.5,1.5,1.5,1.0,1.25,1.25,2.0,0.75,0.75,1.0,1.0,1.5,1.0,1.75,1.25,0.75,1.25,1.25,1.5
115,0.25,1.0,1.75,2.25,1.25,1.0,0.0,0.5,0.5,0.75,1.25,5.0,3.25,2.0,1.25,1.25,0.25,0.0,1.5,5.0,3.75,1.5,0.5,0.75,0.25,0.25,3.25,4.0,3.5,3.0,0.25,0.25,0.5,0.25,3.0,3.5,3.5,3.0,1.0,0.5,0.75,1.0,1.75,2.5,2.0,1.25,0.5,1.0,1.0,0.75,1.0,1.75,1.0,0.75,0.75,1.25,1.5,1.75,1.25,1.0,0.75,1.0,1.25,1.5
116,0.5,0.5,1.75,2.25,1.0,1.25,0.25,0.75,0.5,1.25,1.75,5.0,3.0,1.0,0.75,1.0,0.75,0.5,1.75,4.0,3.75,1.25,0.5,0.25,0.0,0.25,3.25,4.0,3.75,2.75,0.25,0.25,0.5,0.25,3.0,3.0,3.5,3.75,1.0,0.5,1.25,1.0,1.5,2.75,1.5,1.0,0.5,1.0,1.5,0.75,1.0,1.75,0.75,1.0,1.0,1.75,1.25,1.0,1.25,1.0,1.0,1.5,0.5,1.5
117,0.75,0.75,2.0,2.25,1.0,1.0,0.25,0.25,0.75,0.75,1.5,5.25,3.25,1.5,1.0,0.5,0.0,0.5,1.5,4.75,3.5,1.0,0.25,0.25,0.25,0.0,3.5,4.25,3.5,3.25,0.5,0.25,0.25,0.5,3.75,3.5,3.25,3.0,0.5,0.5,0.75,0.75,1.75,2.5,1.75,1.25,0.75,1.5,1.25,1.0,0.75,1.5,0.75,0.75,1.25,1.5,1.25,1.25,1.25,1.0,0.75,0.5,1.0,1.25
118,0.5,1.0,1.5,2.25,1.25,1.5,0.25,0.25,0.5,0.75,1.75,5.0,3.5,1.5,1.0,0.75,0.5,0.0,1.5,4.25,4.0,1.5,0.5,0.0,0.5,0.5,3.5,4.5,4.0,3.0,0.5,0.25,0.5,0.25,3.0,3.0,3.5,3.0,1.0,0.25,1.0,1.0,1.5,2.0,2.0,1.5,1.0,1.25,0.75,1.25,0.75,1.75,0.5,1.25,0.75,1.75,1.75,0.75,1.0,0.5,1.0,1.0,1.0,1.5
119,0.25,0.75,2.0,2.0,1.0,1.25,0.0,0.25,0.75,1.0,1.75,5.0,3.5,1.25,1.0,0.25,0.25,0.0,1.5,4.5,3.5,1.25,0.0,0.0,0.25,0.25,2.75,3.75,3.5,2.75,0.25,0.0,0.0,0.25,3.0,2.75,3.5,2.75,0.25,0.0,1.0,0.5,1.5,2.25,1.75,1.0,0.75,0.5,1.25,1.0,0.75,1.25,1.0,0.75,0.5,1.25,1.5,0.5,1.0,0.75,0.75,0.5,1.0,1.25
120,0.75,1.0,2.0,2.0,1.25,1.0,0.25,0.25,0.5,0.5,1.25,5.0,3.0,1.5,1.25,0.5,0.5,0.0,1.5,5.0,4.0,1.25,0.0,0.5,0.0,0.75,3.5,4.25,3.75,2.75,0.5,0.5,0.5,0.5,3.0,3.25,3.5,3.5,1.5,0.25,1.0,1.0,1.5,2.5,1.75,1.25,0.75,1.0,1.5,1.25,1.25,1.5,0.75,1.25,0.5,1.25,1.0,1.5,1.75,1.0,1.25,1.5,0.75,2.25
121,0.5,0.75,1.75,2.0,0.75,1.25,0.0,0.5,0.0,0.5,1.5,4.75,3.0,1.25,0.5,0.25,0.25,0.0,1.5,4.75,3.5,1.25,0.25,0.25,0.0,0.0,3.0,4.25,3.25,3.0,0.0,0.25,0.25,0.5,3.0,3.0,3.25,3.25,0.75,0.0,1.0,1.0,1.5,2.0,1.75,0.75,0.75,1.25,0.75,0.75,1.0,2.0,0.25,0.25,0.0,1.25,1.5,0.5,0.75,0.75,0.5,0.5,1.0,1.25
122,0.75,0.75,1.75,2.25,1.25,0.75,0.0,0.5,0.75,0.75,1.75,4.75,3.0,1.0,0.75,1.0,0.25,0.25,1.5,5.0,4.0,1.0,0.25,0.5,0.25,0.0,3.75,4.25,3.75,3.5,0.5,0.0,0.25,0.75,3.25,3.5,3.25,3.25,1.0,0.25,0.75,1.0,1.75,2.5,1.5,1.75,0.75,1.0,1.5,1.25,1.25,1.5,0.75,0.5,1.25,1.75,1.5,1.25,1.0,0.75,1.25,0.5,1.25,1.5
123,0.75,1.25,2.25,2.5,1.75,1.25,0.5,0.25,1.0,1.0,1.75,5.0,3.5,1.75,1.5,0.5,0.25,0.0,1.5,5.0,3.75,1.5,0.5,0.75,0.0,0.5,3.5,4.5,3.75,3.0,0.5,0.0,0.75,0.75,3.25,3.25,3.25,3.25,1.0,0.25,1.0,1.0,2.0,2.5,2.0,1.5,0.75,1.5,1.0,1.25,1.0,1.75,1.25,1.0,0.75,1.5,1.75,1.5,2.25,1.5,1.5,1.0,1.5,1.25
124,0.5,1.0,2.25,2.25,1.5,1.25,0.0,0.25,0.75,1.0,1.5,5.25,3.25,0.75,0.75,0.5,0.25,0.0,1.5,4.5,4.0,1.5,0.75,0.25,0.5,0.5,3.5,4.25,3.75,3.25,0.25,0.25,0.0,0.75,3.0,3.0,3.5,3.25,0.5,0.25,1.5,0.75,2.25,2.25,1.5,1.25,1.0,1.5,1.0,1.25,1.25,1.5,1.0,1.0,0.75,1.25,1.0,1.25,1.5,1.0,1.0,1.5,1.0,1.75
125,1.25,1.0,2.25,2.75,1.5,1.5,0.0,0.5,0.75,1.5,2.25,5.5,4.25,2.25,1.5,0.5,0.75,1.0,2.25,5.25,4.25,2.0,1.0,1.0,1.25,1.25,4.25,4.75,4.5,3.75,0.75,1.0,0.75,1.25,3.75,3.75,3.75,3.75,1.5,0.75,1.75,1.75,2.25,3.25,2.25,2.0,1.75,1.75,2.0,1.75,1.75,2.25,1.75,1.25,1.0,1.75,2.5,1.25,1.5,2.0,1.0,1.5,1.5,1.75
126,0.5,0.75,1.25,2.25,0.75,0.75,0.25,0.0,1.0,1.25,1.5,5.0,3.0,1.25,1.5,0.75,0.5,0.0,1.75,4.5,3.75,1.5,0.5,0.25,0.0,0.5,3.75,4.0,3.5,3.0,0.25,0.0,0.5,0.75,3.25,3.5,3.25,3.25,0.75,0.5,1.5,1.5,1.5,2.75,1.5,1.25,0.75,1.0,1.5,1.0,1.25,1.75,0.75,0.25,0.75,1.0,1.75,1.0,1.0,1.0,1.25,1.0,0.5,1.5
127,0.25,0.75,2.0,2.5,0.75,1.0,0.0,0.0,1.25,1.25,1.5,5.25,3.5,2.0,1.25,1.0,1.0,0.5,1.75,4.25,4.0,1.75,0.5,0.0,0.0,0.5,4.0,4.5,4.0,3.25,0.5,0.5,1.0,0.75,3.5,3.5,3.5,3.75,1.0,0.5,0.75,1.0,2.0,2.5,2.0,1.25,1.0,1.0,1.5,1.5,1.0,1.5,1.0,1.25,0.5,1.25,1.75,1.25,1.0,1.0,1.5,1.0,1.25,1.25
128,0.0,0.25,1.75,2.0,1.0,1.5,0.0,0.5,0.5,0.75,1.75,5.0,3.25,1.0,1.0,0.75,0.0,0.25,1.0,4.5,3.75,1.5,0.5,0.25,0.5,0.5,3.5,3.75,3.5,3.25,0.5,0.25,0.5,0.5,3.0,2.75,3.5,3.0,0.25,0.0,0.75,1.25,1.75,2.25,1.25,1.0,0.25,1.0,1.5,1.0,0.75,1.25,0.5,0.75,0.75,1.75,1.75,1.0,0.75,0.75,0.5,0.75,0.75,1.0
129,0.75,0.75,2.0,2.75,1.25,1.0,0.25,0.75,0.75,1.0,1.5,5.0,3.25,1.25,1.5,0.5,0.75,0.0,2.25,4.5,3.75,1.75,0.75,0.0,0.25,0.5,3.75,4.25,3.75,3.0,0.25,0.5,0.75,1.0,3.5,3.25,3.5,3.5,1.0,0.5,1.0,1.25,1.75,2.5,1.5,1.75,1.0,1.5,2.25,1.0,1.25,1.5,1.25,1.0,1.0,1.0,1.25,1.25,1.5,1.0,1.25,1.5,1.0,1.25
130,0.5,1.25,1.75,2.25,1.25,1.75,0.5,0.5,1.0,0.75,1.75,4.75,4.0,2.0,1.0,1.0,0.75,0.5,1.75,4.5,4.0,1.75,1.0,0.5,0.5,0.5,3.5,4.5,3.5,3.25,0.75,0.25,0.75,0.0,3.75,3.25,3.75,3.0,1.5,0.5,1.25,1.25,2.0,2.0,2.0,1.5,1.0,1.0,1.5,1.5,1.25,1.5,1.0,0.75,1.25,1.5,1.5,1.0,1.75,1.75,1.0,1.25,1.5,1.25
131,1.0,1.5,2.0,2.0,1.5,0.75,0.0,0.75,0.75,0.5,1.5,4.25,3.75,1.5,1.25,0.5,0.5,0.5,1.25,4.0,4.0,1.5,0.75,0.25,0.25,0.0,3.0,4.25,3.75,3.0,0.5,0.25,0.0,0.75,2.75,3.5,3.25,3.25,1.25,0.25,0.75,1.5,1.5,2.0,1.75,1.5,0.25,1.0,1.5,1.5,1.0,1.0,1.0,0.75,1.25,1.25,1.25,1.25,1.75,1.25,1.25,1.25,1.25,2.0
132,0.75,1.5,2.0,1.75,1.5,1.5,0.5,0.5,0.75,1.25,1.5,4.75,4.5,1.5,1.5,1.0,0.5,0.0,1.25,4.5,4.5,1.5,0.5,0.0,0.0,0.5,3.0,4.5,3.75,3.5,0.75,0.75,0.75,0.5,3.25,3.5,3.75,3.25,1.25,0.75,1.0,0.5,2.0,2.5,2.0,1.25,1.0,1.5,2.0,1.0,1.5,1.75,1.0,1.0,1.25,2.0,2.25,1.5,1.75,1.0,1.25,0.75,1.25,1.25
133,0.25,1.25,1.75,2.0,1.0,1.25,0.25,0.25,0.75,0.25,1.5,4.25,4.0,1.0,0.75,1.0,0.0,0.0,0.5,3.75,3.75,1.5,1.0,0.0,0.0,0.0,2.75,3.75,3.5,3.0,0.25,0.0,0.0,0.0,2.75,3.0,3.0,3.0,0.5,0.0,1.0,1.0,1.75,2.0,1.5,1.0,0.5,1.5,1.25,1.5,1.25,1.5,1.0,0.25,0.25,1.75,1.5,0.75,2.0,1.25,1.0,0.5,1.0,1.25
134,0.5,0.75,1.75,2.75,1.5,1.75,0.25,1.0,1.25,1.5,2.0,4.75,4.0,1.75,1.75,1.25,1.0,0.25,1.0,4.0,4.25,1.5,1.0,0.75,0.75,0.5,2.75,4.0,4.25,3.25,1.0,0.25,0.5,0.75,3.25,3.75,3.75,3.25,1.25,0.0,1.5,1.5,2.25,2.25,2.25,1.75,0.5,0.75,1.75,1.25,1.5,1.75,1.25,1.0,1.5,1.75,2.0,1.75,1.5,1.75,1.5,1.5,1.5,1.5
135,1.0,1.5,2.0,2.25,1.75,1.5,0.5,1.25,1.75,1.25,1.75,5.25,4.25,1.25,1.5,1.0,0.75,0.75,1.5,4.5,4.25,2.0,1.5,1.25,0.25,1.0,3.0,4.5,4.0,3.75,1.5,0.0,0.75,0.75,3.75,4.25,3.75,3.0,1.0,0.75,1.75,1.75,2.25,2.5,2.0,2.0,1.75,1.75,1.5,1.5,1.5,1.75,1.0,1.5,1.5,2.0,2.5,1.5,2.0,1.5,1.25,1.0,1.0,1.75
136,0.25,0.75,1.75,2.25,1.25,1.25,0.25,0.75,0.0,1.0,1.25,4.5,3.5,1.25,1.25,0.25,0.5,0.0,0.5,4.0,3.5,1.5,0.75,0.75,0.0,0.5,2.5,4.0,3.5,2.75,0.75,0.25,0.25,0.5,2.5,3.25,3.25,2.75,0.5,0.75,1.5,1.0,2.0,2.0,2.0,1.25,0.5,1.25,1.5,1.5,1.25,1.5,1.25,0.5,0.75,1.0,2.0,1.25,1.5,1.25,1.5,1.5,1.25,1.75
137,1.25,1.25,2.0,2.5,1.25,2.0,1.0,0.75,0.75,1.25,1.5,5.5,3.5,1.25,1.25,1.75,0.5,0.0,0.75,4.75,4.0,1.5,0.75,0.25,0.25,0.5,2.75,4.0,3.75,3.25,0.75,0.75,0.75,1.0,3.5,3.5,4.0,2.75,0.75,0.75,1.5,1.5,2.25,2.75,2.25,2.0,1.25,1.5,1.25,1.25,1.25,1.75,1.75,0.5,0.75,1.75,2.75,2.25,2.25,1.75,1.75,1.5,1.5,1.75
138,0.5,0.75,1.75,2.0,0.25,1.0,0.0,0.75,1.25,0.5,1.25,4.5,2.75,1.0,0.75,0.75,0.25,0.5,1.25,4.75,3.75,1.5,0.25,0.5,0.0,0.25,2.75,4.0,3.75,2.75,0.25,0.0,0.25,1.0,3.25,3.5,3.25,2.5,1.0,0.5,1.25,1.0,1.75,2.5,1.75,1.25,1.0,1.25,1.25,1.0,1.5,1.75,1.0,0.25,0.5,1.75,1.75,1.0,2.0,1.25,1.0,1.0,1.0,1.25
139,0.5,1.25,2.0,2.5,1.0,1.5,0.0,0.75,1.0,1.25,2.0,5.75,3.0,1.5,1.25,1.0,1.0,0.5,1.5,4.75,3.75,1.5,0.75,1.0,0.5,0.75,3.5,4.5,4.0,3.25,0.5,0.25,0.25,0.75,3.5,3.75,3.75,3.25,1.25,1.0,1.75,1.75,2.0,2.75,2.0,1.25,0.5,1.25,1.5,1.5,2.25,1.75,1.0,1.25,1.5,1.75,2.0,1.25,1.75,1.25,1.5,1.75,1.0,2.0
140,0.25,0.5,1.5,1.75,1.0,1.0,0.0,0.0,0.75,0.75,1.75,5.25,3.0,1.5,1.25,0.5,0.25,0.0,1.75,4.5,3.5,0.75,0.25,0.5,0.25,0.5,3.75,4.25,3.75,2.75,0.5,0.5,0.25,0.0,3.25,3.5,3.5,2.75,1.0,0.0,1.0,1.5,1.75,2.5,2.0,1.0,1.0,1.0,1.25,1.0,1.0,1.5,1.0,0.5,1.0,1.0,1.75,1.5,2.0,1.0,1.5,0.75,1.5,1.25
141,0.5,1.0,2.0,2.5,1.5,1.5,0.25,0.5,1.0,1.25,2.25,5.0,3.5,2.0,1.25,0.75,0.75,0.75,2.0,5.0,3.5,1.5,0.25,0.0,0.25,0.75,3.75,4.0,4.0,2.75,0.25,0.25,0.75,1.25,3.25,3.5,3.75,3.25,1.0,0.5,1.25,1.5,1.75,2.75,2.0,1.5,1.0,1.5,1.75,1.25,1.5,2.0,1.0,1.0,1.5,1.25,1.75,1.25,1.25,0.75,1.25,0.75,0.75,2.0
142,0.5,0.75,2.0,1.75,1.25,1.25,0.5,1.0,1.0,1.25,1.5,5.25,3.5,2.0,1.25,1.0,0.25,0.25,2.0,4.75,3.5,1.0,0.25,0.25,1.25,0.75,3.75,4.5,4.0,3.0,0.25,0.0,0.75,0.5,3.0,3.5,3.5,3.0,1.0,0.75,0.75,1.0,1.25,2.75,1.75,1.0,0.5,0.75,1.25,0.75,1.0,1.25,1.0,0.5,1.0,1.5,2.0,1.25,1.5,1.5,1.25,1.25,1.5,1.75
143,1.0,1.25,2.25,2.0,1.25,1.5,0.0,0.5,0.5,0.75,1.25,5.25,3.75,1.5,1.25,0.75,0.75,0.0,1.5,4.75,3.75,0.75,0.0,0.0,0.25,0.5,4.0,4.0,3.75,2.75,0.25,0.0,0.75,0.75,3.0,3.25,3.5,3.25,0.75,0.25,1.25,1.25,1.5,2.25,1.75,1.0,1.0,1.5,1.25,0.75,1.25,1.75,1.0,1.0,0.5,1.25,2.0,1.5,1.25,1.0,1.25,1.25,0.25,2.25
144,0.0,1.0,1.75,1.75,1.0,1.0,0.0,0.5,0.5,0.75,1.25,4.75,4.0,1.5,0.75,0.25,0.25,0.25,1.75,4.5,3.5,0.5,0.0,0.5,0.5,1.0,3.75,4.0,3.75,2.25,0.0,0.0,0.5,1.0,2.75,3.0,3.5,3.0,0.75,0.5,0.75,1.0,1.75,2.25,2.0,1.25,0.5,1.0,1.25,1.0,1.0,1.5,0.75,0.75,1.0,1.5,0.75,1.25,1.0,1.0,1.0,0.75,0.5,1.25
145,0.75,0.75,2.0,2.25,1.25,1.5,0.0,0.5,1.0,1.5,1.5,5.0,4.0,1.5,1.25,0.75,0.25,0.5,2.0,4.75,3.75,1.25,0.5,1.0,0.5,0.5,4.25,4.5,3.75,3.0,0.25,0.0,0.75,0.75,3.5,3.5,4.0,3.0,1.0,0.5,1.25,1.0,2.0,2.75,2.25,1.25,0.75,0.75,1.25,1.75,1.5,1.5,0.75,0.75,1.25,1.75,1.25,1.5,1.5,1.0,1.5,1.5,1.75,1.5
146,0.0,1.25,2.5,2.25,1.75,1.75,0.25,0.75,0.5,1.0,1.5,5.0,4.0,2.0,1.25,1.0,0.25,0.75,2.25,5.0,4.0,1.5,0.5,0.75,0.5,0.75,4.0,4.75,4.0,3.25,0.5,0.5,0.75,0.75,3.25,3.5,3.5,3.25,1.25,0.75,1.25,1.0,2.25,2.75,2.0,1.25,1.25,1.5,1.75,1.75,1.25,2.0,1.0,0.75,1.5,1.75,1.25,1.75,1.5,1.25,1.5,1.0,1.25,1.5
147,0.75,1.25,1.75,2.25,1.25,1.75,0.0,1.0,1.0,1.25,2.0,5.25,3.5,1.5,1.5,1.0,0.75,0.5,2.0,4.75,4.0,1.25,0.75,0.75,0.25,1.0,4.25,4.25,4.0,3.25,0.5,0.75,1.0,1.5,3.5,4.25,4.0,3.5,1.25,0.75,1.5,1.25,2.25,2.5,1.75,1.75,1.0,1.5,1.25,1.75,1.25,1.75,1.0,1.25,1.25,1.25,1.5,1.75,2.0,1.5,1.25,1.25,1.25,2.25
148,0.75,1.25,2.0,1.5,1.5,1.75,0.0,0.5,0.75,1.0,1.75,5.0,3.5,1.25,1.0,1.0,0.25,0.25,1.25,4.75,3.75,1.5,0.5,0.0,0.25,1.0,3.75,4.25,4.0,3.25,0.25,0.25,0.5,0.5,3.25,3.5,3.75,3.25,0.75,0.5,0.75,1.0,1.75,2.5,1.5,1.0,1.25,0.75,0.75,1.0,1.25,1.5,1.0,0.75,1.0,1.25,1.75,1.5,1.75,1.0,1.0,0.75,1.0,1.25
149,0.0,0.75,1.75,1.5,1.25,1.25,0.25,0.25,0.25,0.75,1.75,4.75,3.25,1.25,1.0,0.25,0.0,0.25,1.5,4.5,3.5,1.25,0.25,0.25,0.25,0.25,3.25,3.75,3.25,3.0,0.5,0.0,0.25,0.5,3.25,2.75,3.5,3.5,0.5,0.0,1.25,0.75,1.75,2.25,1.0,1.25,0.75,1.25,1.0,1.0,1.0,1.25,0.5,0.75,0.75,1.25,1.0,1.25,1.25,0.75,1.0,1.0,0.75,1.25
150,0.5,0.5,2.0,2.25,0.75,1.0,0.0,0.0,0.5,1.0,1.5,4.75,3.25,1.5,0.5,0.75,0.25,0.25,1.25,4.0,4.0,1.5,0.5,0.0,0.5,0.0,3.25,4.25,3.5,3.0,0.5,0.0,0.5,0.75,3.5,2.75,3.5,3.0,0.75,0.25,0.75,1.0,1.5,2.5,1.25,1.0,0.75,1.25,1.25,1.0,1.0,1.25,1.0,0.75,1.0,1.5,1.0,1.0,1.5,0.75,1.0,0.5,1.25,1.5
151,1.25,1.25,2.0,2.5,1.25,1.25,0.5,0.5,0.5,1.0,1.5,4.75,3.5,1.75,0.75,1.25,0.5,0.5,2.0,5.0,3.75,1.5,0.75,0.5,0.25,1.0,4.0,5.0,3.75,3.0,0.75,0.25,0.0,1.0,3.25,3.75,3.5,3.25,1.0,0.5,1.25,1.5,2.25,2.75,1.5,1.5,1.25,1.25,1.25,1.25,1.25,1.75,0.75,0.75,1.0,1.5,1.75,1.0,1.75,1.0,0.75,1.25,0.75,1.25
152,0.25,1.0,2.0,2.0,1.0,1.25,0.25,0.5,0.5,0.75,1.5,4.75,3.5,1.25,1.25,0.0,0.25,0.5,1.75,4.75,3.75,1.25,0.75,0.25,0.5,0.5,3.25,4.25,3.5,3.25,0.25,0.25,0.0,0.5,3.0,3.25,3.5,3.0,0.5,0.0,1.25,1.25,1.75,2.75,1.5,1.25,0.75,1.0,0.75,1.0,1.25,1.5,1.0,0.75,1.25,1.5,2.0,1.25,1.5,1.25,1.0,0.75,1.5,1.5
153,0.75,0.75,2.5,2.25,1.5,1.5,0.5,1.0,1.0,1.5,1.5,5.0,3.75,2.0,1.25,1.5,0.75,1.0,2.0,4.75,4.25,1.25,0.25,0.0,0.25,0.75,3.75,4.25,4.0,3.0,0.5,0.5,0.5,0.75,3.25,3.5,3.5,3.0,1.25,0.5,1.25,1.5,2.25,2.75,2.0,2.0,1.25,1.5,1.75,1.25,1.25,1.5,1.5,1.0,1.25,1.75,2.0,1.5,1.75,1.0,1.25,1.0,0.75,1.0
154,0.75,1.0,2.0,2.25,1.25,1.25,0.0,0.25,0.75,0.75,1.5,5.0,3.25,1.75,1.25,0.75,0.5,0.5,1.75,4.5,3.75,1.0,0.75,0.25,0.25,0.25,3.25,4.25,3.5,3.25,0.5,0.0,0.25,0.75,3.0,3.0,3.5,3.25,1.0,0.25,1.25,1.0,1.75,2.75,1.75,1.75,0.75,1.0,1.0,1.25,1.5,1.25,0.75,1.25,0.5,0.5,1.75,1.5,1.5,0.75,1.0,1.5,1.0,1.5
155,0.0,1.0,1.5,2.25,1.0,1.0,0.5,0.75,0.75,1.0,1.75,5.0,3.25,1.5,1.0,0.0,0.0,0.25,1.75,4.75,3.75,1.25,0.5,0.5,0.5,0.25,3.5,4.25,3.5,2.75,0.25,0.5,0.25,0.5,2.75,3.0,3.25,3.5,0.5,0.0,1.75,1.5,1.75,2.5,1.5,0.75,0.5,1.0,1.25,0.75,1.0,1.5,0.25,0.75,1.0,1.25,1.75,0.5,1.0,1.0,0.75,0.5,1.0,1.5
156,0.75,0.75,1.5,2.25,0.75,1.25,0.25,0.5,0.5,0.75,1.5,5.25,3.25,1.5,0.75,0.5,0.0,0.0,1.5,4.25,3.5,1.0,0.0,0.25,0.0,0.75,3.5,3.75,3.5,3.0,0.25,0.0,0.25,0.75,3.25,3.25,3.5,2.75,0.5,0.0,0.5,1.0,1.75,2.5,2.0,1.25,0.75,0.75,0.75,0.75,1.25,1.75,0.5,0.75,0.5,1.25,1.75,0.75,1.25,1.25,1.25,0.5,1.5,1.25
157,1.0,0.5,1.75,2.0,1.0,1.75,0.25,0.75,0.75,0.75,1.75,5.25,3.0,1.5,0.75,0.5,0.25,0.0,1.75,4.25,4.0,1.25,0.5,0.0,0.0,0.25,3.5,4.0,3.5,2.25,0.5,0.25,0.25,0.5,3.0,3.25,3.25,3.0,0.5,0.25,1.0,1.0,1.5,2.5,1.5,1.5,0.75,1.0,0.5,1.0,1.0,1.75,0.75,0.75,1.0,1.0,1.25,1.0,1.25,0.75,1.0,0.75,1.25,0.25
158,1.0,1.0,1.75,2.0,1.25,1.0,0.5,0.0,0.75,1.0,1.75,5.0,3.5,2.25,1.5,1.5,0.5,0.75,1.5,4.5,4.0,1.75,0.5,0.25,0.0,0.25,3.75,4.5,3.5,2.75,0.5,0.5,0.5,0.5,3.75,3.5,3.5,3.25,1.0,0.5,0.75,1.25,2.0,2.5,1.25,1.5,1.0,1.5,1.25,1.5,1.25,1.25,1.0,0.75,1.0,1.5,2.0,2.0,1.25,1.0,1.0,1.0,1.0,2.0
159,0.75,1.0,2.25,1.75,1.0,1.0,0.25,0.0,0.75,0.75,1.5,5.25,3.0,1.25,1.0,0.5,0.25,0.25,2.0,4.75,3.25,1.5,0.0,1.0,0.0,0.5,3.5,4.25,3.5,3.25,0.0,0.25,0.5,0.75,3.5,3.25,3.5,3.0,1.0,0.25,1.0,0.5,1.75,2.75,1.75,1.5,1.0,1.25,0.75,0.75,1.25,1.5,0.75,0.75,0.75,1.25,1.0,1.75,1.0,0.75,0.75,1.0,1.0,1.5
160,0.25,1.0,1.75,2.25,0.75,1.25,0.25,1.0,0.5,0.5,1.25,5.0,3.0,1.5,0.75,0.25,0.25,0.0,1.75,4.5,3.75,1.25,0.25,0.25,0.25,0.25,3.25,4.25,3.75,3.0,0.0,0.5,0.0,0.0,3.0,3.25,3.25,2.75,0.5,0.25,1.25,1.0,2.0,2.25,1.75,1.25,0.25,1.25,1.25,1.25,1.25,1.5,0.75,0.75,1.0,1.0,2.0,1.25,1.5,0.5,0.75,0.75,1.25,1.5
161,0.75,1.0,1.5,1.75,1.0,1.0,0.0,0.5,0.5,0.5,1.75,5.25,3.0,1.25,0.5,0.75,0.25,0.5,1.75,4.5,3.25,1.5,0.25,0.25,0.25,0.5,3.5,4.0,4.0,2.5,0.25,0.25,0.5,0.5,3.25,3.0,3.5,2.75,0.75,0.75,0.75,1.0,1.25,2.25,2.0,1.25,0.75,1.25,1.25,1.0,1.25,1.5,0.5,0.25,0.75,1.5,1.0,1.0,1.25,0.75,0.75,0.5,1.0,1.5
162,0.5,1.0,1.75,2.25,0.5,1.0,0.25,0.75,0.75,0.75,1.25,4.75,3.25,1.25,1.25,0.5,0.25,0.25,1.5,4.25,3.75,1.25,0.25,0.25,0.75,0.75,3.75,4.5,3.75,3.0,0.5,0.0,0.5,0.75,3.0,3.25,3.5,2.75,0.5,0.25,0.75,0.75,1.75,2.25,1.75,1.0,1.25,1.25,1.25,1.0,1.0,1.75,1.0,1.0,1.25,1.5,1.5,1.75,1.5,1.25,1.0,1.0,1.0,1.5
163,0.75,1.25,1.75,2.25,1.25,1.0,0.5,0.75,0.75,1.0,1.75,5.25,3.75,1.5,1.5,0.75,0.25,0.0,2.0,4.5,4.0,1.25,1.0,0.75,0.25,0.5,3.75,4.75,3.75,3.5,0.5,0.25,0.25,0.25,3.75,3.5,3.75,3.5,0.75,0.75,1.25,1.25,2.0,2.5,2.0,1.5,0.75,1.0,1.0,1.5,1.25,1.5,1.0,0.75,1.5,1.5,1.5,1.5,1.5,1.0,1.0,1.0,0.75,2.0
164,0.5,1.25,2.0,2.5,1.0,1.5,0.25,1.0,1.0,1.25,1.5,5.25,3.25,1.75,1.25,1.0,1.0,0.0,2.0,5.0,4.0,1.25,0.25,0.5,0.5,0.5,3.75,4.25,3.75,3.25,0.5,0.0,0.25,0.5,3.25,3.75,3.75,3.25,1.0,0.75,1.5,1.0,2.25,2.75,1.5,1.5,0.75,1.25,1.0,1.25,1.5,1.75,1.0,1.0,0.75,1.75,1.75,1.5,1.75,1.0,1.25,1.5,1.75,1.75
165,0.75,1.0,2.0,2.25,1.25,1.25,0.5,0.5,0.75,1.0,1.75,5.25,3.5,1.25,1.25,0.75,0.5,0.5,1.75,5.0,4.25,1.25,0.5,0.5,0.0,0.5,3.75,4.5,4.0,3.25,0.25,0.75,0.5,0.75,3.75,3.5,4.0,3.0,1.5,0.5,0.75,1.25,2.25,2.75,1.75,1.25,1.25,1.0,1.0,1.25,1.0,1.5,1.0,1.5,0.75,1.5,1.75,1.5,2.0,1.75,1.25,1.25,1.0,1.75
166,0.75,0.5,1.75,2.0,1.0,1.25,0.0,0.0,0.75,0.5,1.25,5.25,3.0,1.25,1.0,0.5,0.75,0.25,1.0,4.75,3.75,1.5,0.25,0.5,0.25,0.25,3.75,3.75,3.5,2.75,0.25,0.0,0.25,0.5,3.0,3.25,3.5,3.0,0.75,0.25,1.25,0.75,1.75,2.75,1.5,1.0,0.75,1.0,1.0,1.5,1.0,1.0,0.75,0.5,0.5,0.75,1.5,1.0,1.25,1.0,1.5,0.75,0.75,1.5
167,0.5,0.75,1.25,1.75,1.0,1.25,0.25,1.0,0.75,1.25,1.75,5.25,3.5,1.5,1.25,0.75,0.75,0.0,1.75,4.75,3.75,1.25,0.5,0.5,0.5,0.5,3.5,4.0,3.75,3.25,0.0,0.75,0.75,0.75,3.5,3.5,3.75,3.5,1.0,1.0,0.75,1.25,1.75,2.5,2.0,1.25,1.25,1.5,1.5,1.25,1.75,2.0,1.25,1.0,1.0,1.0,1.75,1.25,1.5,1.0,1.25,1.25,1.25,1.5
168,1.25,1.5,2.25,2.75,2.0,1.75,0.5,0.75,1.25,1.5,2.0,6.0,3.75,1.75,1.5,1.25,0.0,1.0,2.25,5.25,4.5,2.0,1.0,0.75,0.75,1.0,4.0,4.5,4.75,3.5,0.75,1.0,1.25,1.5,4.0,3.75,4.0,4.0,1.75,1.25,2.0,2.0,2.75,3.5,2.5,2.0,1.75,1.5,2.25,2.25,2.0,2.0,1.5,1.75,1.25,2.0,2.0,1.75,2.0,1.75,1.5,2.0,1.5,1.75
169,1.25,1.75,2.75,2.5,1.5,1.75,0.25,0.75,1.0,1.25,2.0,5.5,3.5,1.75,1.25,1.5,1.0,0.75,2.25,5.0,4.25,1.25,0.75,0.0,0.25,1.25,4.0,4.75,4.25,3.5,0.75,0.5,1.25,1.25,4.25,3.75,4.25,3.75,1.0,0.75,1.25,1.5,2.5,2.75,2.5,1.75,1.0,1.75,1.5,1.5,1.5,1.5,1.0,1.0,1.5,2.0,2.25,2.0,1.75,1.25,1.5,1.25,1.5,1.75
170,0.75,1.0,2.0,2.0,1.0,1.0,0.5,0.25,0.5,0.75,1.5,5.25,3.0,1.5,0.75,1.0,0.5,0.25,1.75,4.5,3.75,1.5,0.0,0.75,0.5,0.5,3.75,4.25,3.5,2.75,0.75,0.25,0.25,1.0,3.75,3.5,3.25,2.75,1.0,0.25,0.75,1.0,1.75,2.25,1.5,1.5,0.75,1.25,0.75,0.5,1.25,1.5,0.75,0.75,1.0,1.25,1.25,1.25,1.25,0.75,0.75,1.25,1.25,2.0
171,0.0,1.0,1.75,2.5,1.0,1.5,0.5,0.75,1.25,1.0,1.25,5.25,3.25,1.25,1.0,1.0,0.5,0.25,1.5,4.5,4.0,1.75,0.75,0.5,0.75,0.5,3.75,4.5,4.0,3.0,0.75,0.0,0.75,1.0,3.5,3.5,3.5,3.25,0.75,0.5,1.0,1.5,2.0,2.75,2.0,1.75,0.75,1.5,1.25,1.0,1.25,2.5,1.25,1.0,0.75,2.25,1.25,1.25,1.5,1.5,1.25,1.25,1.25,1.75
172,0.75,0.75,1.75,2.0,0.75,1.25,0.5,0.0,0.5,0.75,1.5,5.25,3.0,1.25,0.75,0.75,0.0,0.0,1.75,4.5,3.25,1.0,0.5,0.25,0.0,0.75,3.25,4.5,3.25,3.0,0.25,0.0,0.5,0.5,3.25,3.25,3.5,3.5,0.5,0.0,1.25,1.0,2.0,2.25,1.75,1.0,0.75,1.25,1.0,0.75,1.0,1.75,1.0,0.75,1.25,1.5,1.5,1.0,1.25,1.0,0.75,0.75,1.0,1.25
173,0.75,1.25,1.75,2.0,1.5,1.5,0.0,1.0,1.0,1.0,1.75,5.25,3.25,1.5,0.75,1.0,0.5,0.25,1.75,4.75,3.5,1.5,0.5,0.75,0.5,0.75,3.75,5.0,3.75,3.5,0.25,0.5,0.5,0.5,3.75,3.25,3.5,3.5,1.0,1.0,1.75,1.5,2.0,2.5,2.0,1.5,1.25,1.25,0.75,1.25,1.0,1.75,1.0,0.75,1.25,1.75,1.75,1.5,1.5,1.25,0.75,1.25,1.5,1.75
174,0.25,0.5,2.0,2.0,1.5,1.25,0.5,1.25,0.5,1.0,1.25,5.25,3.5,1.25,1.0,1.0,0.5,0.5,1.5,4.75,3.5,1.0,0.25,0.5,0.5,0.25,3.5,4.25,4.0,3.0,0.5,0.0,0.75,0.75,3.25,3.5,3.25,3.5,0.75,0.5,0.5,1.25,1.75,2.5,1.75,1.5,1.0,1.75,1.25,1.25,1.25,1.75,1.25,1.25,0.75,1.5,1.5,1.75,1.25,1.0,1.0,0.75,1.25,1.0
175,0.75,1.25,1.75,2.5,1.25,1.25,0.5,0.5,1.0,1.0,1.5,4.75,3.25,1.5,1.0,0.75,0.5,0.25,1.75,4.5,3.5,1.0,0.5,0.25,0.5,0.0,3.75,4.25,3.5,3.0,0.5,0.5,0.25,0.75,3.25,3.25,3.5,3.25,1.25,0.25,0.75,1.0,1.75,2.25,2.0,1.25,0.5,1.5,1.25,1.5,1.25,1.75,1.0,0.75,1.0,1.25,1.75,1.0,1.0,1.25,1.25,1.25,1.0,1.5
176,0.0,0.75,2.25,2.0,1.25,1.0,0.25,0.25,0.5,0.75,1.75,5.25,3.25,1.5,1.5,1.0,0.25,0.25,1.75,4.75,3.75,1.0,0.5,0.25,0.0,0.0,3.5,4.25,3.75,3.0,0.25,0.5,0.25,0.5,3.25,3.5,3.75,3.25,0.75,0.25,0.75,1.75,1.5,2.5,1.5,1.5,0.75,1.25,0.75,1.25,1.75,1.5,1.25,0.75,1.0,1.5,1.75,1.25,1.5,1.0,1.0,1.0,0.75,1.5
177,0.5,1.25,1.75,2.0,1.0,1.25,0.25,0.25,1.25,1.5,1.75,5.25,3.5,2.0,1.25,0.75,0.75,0.5,1.75,4.75,3.75,1.75,0.25,0.5,0.25,0.5,3.75,4.25,4.0,3.25,0.25,0.25,0.0,0.5,3.25,3.5,3.5,3.0,1.25,0.25,1.25,1.25,1.75,2.75,1.5,1.5,0.75,1.25,1.75,1.25,1.25,1.5,1.0,1.25,0.5,1.75,2.25,1.25,1.5,1.0,1.25,0.75,1.75,1.5
178,1.0,0.75,2.25,2.25,1.25,1.0,0.25,0.25,0.75,1.0,1.75,5.0,3.25,1.25,1.25,0.5,0.25,0.5,1.75,5.0,3.75,1.0,0.75,0.25,0.75,0.75,4.0,4.25,4.0,3.0,0.0,0.0,0.75,0.75,3.75,3.5,3.5,3.5,0.75,0.0,1.5,1.5,2.0,2.75,1.5,1.75,0.75,0.75,1.5,1.5,1.25,1.5,1.5,1.5,1.0,2.0,1.25,1.25,1.75,1.25,1.0,1.5,2.0,2.0
179,0.5,1.0,1.5,1.75,0.75,1.75,0.0,1.0,0.75,1.0,1.5,5.0,3.25,2.0,1.5,1.0,0.5,0.25,1.75,4.5,3.75,1.25,0.0,0.25,0.25,0.75,3.5,4.5,4.0,3.0,0.25,0.25,0.25,0.75,3.0,3.5,3.25,3.5,0.75,1.0,1.75,1.5,1.5,2.5,1.75,1.25,1.25,1.0,1.5,1.75,1.5,1.75,0.75,0.5,1.25,1.5,2.25,0.75,1.75,1.5,1.5,1.0,1.25,1.75
180,0.5,0.75,1.75,2.25,0.75,1.25,0.5,0.75,0.5,0.75,1.75,5.0,3.0,1.5,0.5,1.0,0.25,0.25,1.75,4.5,3.5,0.75,0.5,0.25,0.0,0.75,3.25,4.0,3.5,2.75,0.25,0.25,0.5,0.75,3.5,3.25,3.75,3.25,0.75,0.0,1.0,1.0,1.75,2.25,1.75,1.5,0.5,0.75,0.75,1.0,1.25,1.0,0.75,0.5,1.0,0.75,0.75,1.0,1.75,0.75,0.75,1.0,1.0,1.25
181,0.0,1.5,2.25,2.5,1.25,1.5,0.75,1.0,1.0,1.0,2.0,5.5,3.5,1.5,1.25,1.25,1.0,0.5,1.75,5.5,4.25,2.0,0.25,0.75,1.0,1.0,4.0,4.5,3.75,3.0,0.75,0.75,0.75,1.0,3.25,3.75,3.75,3.25,1.0,0.5,0.75,1.0,2.25,3.0,2.0,1.5,1.5,1.25,1.25,1.5,1.5,2.0,1.25,1.25,1.0,1.75,2.25,2.0,1.5,1.75,1.25,1.0,1.75,2.25
182,0.75,1.5,1.75,2.25,1.25,1.25,0.25,0.75,0.75,1.25,2.25,5.25,3.5,2.0,1.5,0.5,0.5,0.5,1.75,4.75,3.75,1.0,0.25,0.25,0.5,1.0,3.75,4.5,4.0,3.0,0.0,0.5,0.5,0.75,3.25,3.5,3.25,3.0,1.25,0.75,1.0,1.0,2.0,2.75,2.0,1.75,1.0,1.25,1.25,1.5,1.0,1.25,1.0,1.0,0.5,1.5,2.0,1.25,1.75,1.5,1.75,1.0,0.75,1.25
183,0.25,1.5,2.0,2.25,1.75,1.25,0.0,0.75,1.25,1.25,1.75,5.5,3.0,1.25,1.5,1.0,1.0,0.5,1.75,5.25,3.75,1.5,0.25,1.0,1.0,0.75,3.75,4.5,4.0,3.25,0.75,0.75,0.75,1.0,3.25,4.0,3.5,3.5,1.0,0.5,1.5,1.25,2.5,2.75,1.75,1.5,1.25,1.75,1.25,1.5,1.5,1.75,1.5,1.25,1.0,1.75,2.25,2.25,2.0,2.0,1.5,1.25,1.25,1.75
184,1.25,1.0,2.25,2.0,1.5,1.25,0.25,0.0,1.25,0.75,1.75,5.25,3.25,1.75,1.25,0.5,0.25,0.25,2.0,4.5,3.75,1.0,0.75,0.5,0.75,0.75,3.75,4.5,3.75,3.0,0.5,0.25,0.25,0.75,3.5,3.0,3.25,3.0,0.75,0.25,1.25,1.75,2.0,2.5,2.0,1.25,1.0,1.5,1.75,1.5,1.75,1.75,1.25,0.5,1.0,1.5,2.0,1.75,1.75,1.5,1.0,0.5,1.25,1.25
185,1.0,1.0,2.0,2.25,1.25,1.75,0.25,0.75,0.75,1.25,1.5,5.25,3.5,1.5,1.25,1.0,0.5,0.5,1.75,4.5,3.75,1.5,0.5,0.25,0.5,0.75,4.0,4.5,3.5,3.0,0.5,0.5,0.75,1.0,3.25,3.0,3.0,3.0,0.75,0.0,1.25,1.0,2.0,2.25,1.5,1.25,1.0,1.0,1.25,1.25,1.0,1.75,0.75,0.75,1.0,1.5,1.5,1.5,2.0,1.5,1.5,1.0,1.75,1.5
186,0.5,1.0,1.75,2.25,1.25,0.75,0.25,0.0,1.0,0.75,2.0,5.0,3.0,1.5,1.25,1.25,0.5,0.25,2.0,4.75,3.5,1.5,0.25,0.5,0.0,0.0,3.25,4.25,3.75,3.25,0.5,0.25,0.5,0.75,3.25,4.0,3.5,3.25,0.75,0.75,0.75,1.0,2.0,2.75,2.0,1.5,0.75,1.5,0.75,1.25,1.5,1.5,1.0,1.25,1.0,1.5,1.25,1.5,1.5,0.75,1.0,1.0,1.5,1.75
187,1.0,1.0,1.75,2.75,1.5,1.5,0.0,0.5,0.75,1.25,1.75,5.5,3.5,2.0,1.0,1.0,0.5,0.5,2.0,5.0,4.0,1.25,0.5,0.5,0.5,0.75,3.75,4.75,4.0,3.0,0.75,0.5,1.0,1.0,3.5,3.5,4.25,3.5,1.0,0.25,1.5,1.75,2.0,2.75,2.25,1.75,1.25,1.75,1.5,1.5,1.5,1.5,1.5,1.25,1.5,1.25,1.5,1.25,2.0,1.25,1.25,1.25,1.5,2.25
188,0.75,0.75,1.75,2.25,1.25,1.25,0.5,0.25,1.0,0.75,2.0,5.75,2.75,1.25,0.75,0.5,0.25,0.0,1.5,4.5,3.25,1.0,0.5,0.0,0.0,1.25,3.5,4.0,4.0,3.0,0.25,0.5,0.5,1.0,3.0,3.75,3.25,3.25,0.5,0.25,0.75,1.0,1.5,2.5,1.5,1.0,0.75,1.0,1.25,1.25,1.25,2.0,0.75,0.5,0.75,1.25,2.0,1.5,1.5,0.5,1.0,0.75,1.25,1.25
189,0.75,0.75,1.75,2.5,1.0,1.0,1.0,0.25,0.5,0.75,2.0,5.25,2.5,1.25,1.0,0.25,0.25,0.5,2.0,5.0,3.5,1.0,0.0,0.5,0.5,0.5,4.0,4.5,4.0,3.0,0.25,0.25,0.5,0.0,3.25,3.75,3.25,3.5,1.25,0.0,1.25,0.75,2.0,2.5,1.75,1.0,1.0,1.0,1.0,1.25,1.0,1.5,0.5,0.5,1.0,1.5,1.25,1.75,1.5,1.0,1.25,1.0,1.25,1.5
190,1.0,1.5,2.5,2.75,1.25,1.25,0.25,0.5,0.75,0.75,2.25,5.5,2.25,1.5,1.25,0.75,0.25,0.5,2.0,5.25,3.5,1.75,0.25,0.5,0.5,0.75,3.75,4.25,3.75,2.75,0.5,0.5,0.75,1.0,3.25,3.0,4.0,3.25,1.25,0.0,1.25,1.5,2.0,2.5,1.75,1.75,1.25,1.5,1.25,1.0,0.75,2.0,1.25,1.0,0.75,1.5,1.5,1.5,1.75,1.5,1.0,1.25,1.25,1.25
191,1.0,0.75,2.25,2.75,1.25,0.75,0.0,0.5,0.0,1.25,2.25,5.75,1.75,1.25,0.75,0.5,0.5,0.25,1.25,5.0,3.75,1.25,0.5,0.25,0.75,0.25,3.5,4.0,3.75,2.75,1.0,0.5,0.25,0.75,3.5,3.25,3.5,2.75,0.5,0.25,0.5,1.0,2.0,2.25,1.5,1.25,1.0,1.0,1.25,1.25,1.0,1.25,0.75,1.25,1.0,1.5,1.5,1.25,1.75,1.0,0.25,0.25,0.75,0.75
192,1.0,1.25,2.25,2.25,1.25,1.0,0.75,1.0,0.75,1.25,2.25,5.5,2.5,1.75,1.0,1.25,0.5,0.25,2.25,5.0,4.25,1.5,0.75,0.5,1.0,0.5,3.75,4.25,3.75,3.0,0.5,0.0,0.5,1.0,3.25,3.75,3.75,3.25,1.0,0.75,1.5,1.0,2.25,2.5,1.75,1.0,0.75,1.0,1.0,1.5,1.5,1.75,1.25,1.0,0.75,1.75,1.5,1.5,1.0,1.5,1.75,1.25,1.25,1.5
193,0.75,0.5,2.0,2.25,1.25,0.75,0.0,0.5,0.5,1.0,1.75,5.5,2.75,1.25,1.5,0.75,0.0,0.5,1.25,4.75,3.75,1.0,0.75,0.25,0.25,0.25,3.5,4.0,3.75,3.0,0.25,0.5,0.5,1.0,3.25,3.25,3.75,3.0,1.0,0.75,1.0,1.0,1.75,2.5,2.0,1.5,0.5,1.5,1.25,1.25,0.75,2.0,1.0,1.0,1.0,1.5,1.75,1.0,1.75,1.25,1.25,1.0,1.5,1.75
194,0.5,0.5,1.75,1.5,1.0,0.5,0.0,0.5,0.5,0.75,1.5,5.0,3.0,1.25,1.0,0.25,0.75,0.25,1.25,4.5,3.5,1.25,0.5,0.25,0.5,0.75,3.25,4.5,3.75,2.75,0.25,0.25,0.25,0.0,3.0,3.25,3.25,3.0,0.75,0.5,1.25,1.25,1.75,2.25,1.75,1.25,0.75,1.25,1.0,1.75,1.25,1.75,1.0,1.25,0.75,1.5,1.5,1.0,1.25,1.25,1.25,1.0,1.5,1.5
195,0.75,1.25,1.75,2.0,1.25,0.75,0.25,0.75,1.0,0.75,1.75,5.0,3.5,1.0,1.25,0.75,0.5,0.0,1.25,4.25,4.0,1.5,0.75,0.75,0.0,0.0,3.25,4.25,4.0,3.0,0.25,0.75,0.5,0.75,3.5,3.25,4.0,2.75,1.0,0.0,1.5,1.25,2.0,2.25,1.5,1.5,1.25,1.5,1.25,1.5,1.0,2.0,1.25,1.0,0.75,1.5,1.5,1.25,1.75,1.25,1.25,1.5,1.25,1.25
196,1.0,0.75,2.5,2.25,1.5,1.25,0.75,1.25,1.0,1.0,1.75,5.75,3.75,1.25,1.0,1.0,0.5,0.75,1.5,4.5,4.0,2.0,0.75,1.0,0.0,0.75,3.5,4.25,3.75,3.25,0.5,0.5,0.75,0.75,3.5,3.25,3.5,3.25,1.0,0.75,1.5,1.25,2.0,2.75,2.5,1.75,1.0,1.0,1.5,1.75,1.5,2.0,1.25,0.75,0.75,1.25,2.0,1.5,1.5,1.5,1.0,1.5,1.5,1.5
197,0.5,1.0,2.0,2.25,0.75,1.25,0.5,0.75,0.75,1.0,1.5,5.0,3.5,1.25,1.25,1.0,0.5,0.75,1.0,4.25,3.75,1.5,0.75,0.5,0.5,0.25,3.25,4.5,4.0,3.0,0.25,0.0,0.0,0.75,2.75,3.75,3.75,3.25,1.0,0.25,1.0,1.0,2.25,2.5,2.0,1.25,0.75,1.5,1.5,1.5,1.0,1.75,1.0,0.5,1.0,0.75,1.25,1.0,1.5,1.25,1.25,1.25,1.25,1.75
198,1.0,1.0,2.25,2.25,1.0,1.0,0.0,0.5,0.75,1.0,1.5,5.0,3.0,1.25,1.25,1.25,1.0,0.25,1.25,4.5,3.75,1.5,0.75,0.25,0.5,0.5,3.0,4.5,3.75,3.25,0.25,0.5,0.5,0.75,3.25,3.25,3.5,3.25,0.75,0.0,0.75,1.25,1.5,2.5,1.5,1.25,0.5,1.5,1.0,1.0,1.5,1.5,1.25,1.0,0.75,1.0,1.5,0.75,1.75,1.25,0.75,0.25,1.0,1.25
199,0.5,1.5,2.5,2.5,1.25,1.25,0.25,0.5,1.0,1.5,2.0,5.25,3.0,1.5,1.0,0.5,0.5,0.25,1.75,4.5,3.75,1.75,0.75,0.0,0.75,0.5,3.25,4.75,3.75,3.25,0.75,0.5,0.25,1.0,3.5,3.5,3.75,3.5,0.75,0.75,1.25,1.25,2.25,2.75,1.5,1.25,1.0,1.0,1.25,1.5,1.25,2.0,1.0,0.75,0.75,2.0,1.75,1.75,1.25,1.75,0.75,1.25,1.5,1.0
