,0,1,2,3,4,5,6,7,8,9,10,11,12,13,14,15,16,17,18,19,20,21,22,23,24,25,26,27,28,29,30,31,32,33,34,35,36,37,38,39,40,41,42,43,44,45,46,47,48,49,50,51,52,53,54,55,56,57,58,59,60,61,62,63
0,0.5,0.75,1.5,4.25,3.75,1.0,0.0,0.25,0.25,0.75,1.25,3.25,4.0,1.5,0.75,0.0,0.0,2.0,3.25,3.5,3.5,2.75,0.75,0.5,0.25,2.75,3.25,3.75,3.25,4.0,1.5,0.0,0.25,0.0,1.25,3.5,3.75,3.5,2.25,0.25,0.5,1.25,2.0,2.5,1.25,1.75,0.5,1.25,1.0,0.75,1.0,1.5,0.25,0.25,0.75,1.0,0.5,0.75,1.0,0.5,0.75,1.0,0.75,1.25
1,1.0,1.0,1.5,4.25,4.0,1.25,0.5,0.0,0.5,1.0,1.5,3.75,3.75,1.5,1.25,0.75,0.75,1.75,3.5,3.75,4.0,3.25,1.0,0.25,1.0,3.5,3.75,4.5,3.75,3.75,1.75,0.25,0.5,0.25,1.75,3.75,3.75,3.25,2.0,0.5,0.75,1.25,2.0,2.75,1.5,1.75,0.75,1.25,1.75,1.25,1.0,1.0,0.75,0.75,1.0,1.0,1.75,1.0,1.25,1.0,1.0,1.25,0.75,1.75
2,0.75,1.0,2.0,4.5,3.75,1.25,0.25,0.5,1.0,1.25,2.0,3.75,4.0,1.5,1.25,1.25,0.75,1.25,3.0,3.75,4.0,3.25,0.75,0.0,1.0,3.5,3.75,3.75,3.5,4.0,2.0,0.0,0.25,0.25,1.5,3.5,4.0,3.5,2.5,0.75,1.0,1.0,2.0,2.25,1.75,1.5,1.25,1.25,0.75,1.0,1.0,1.0,0.25,0.25,1.0,0.75,1.75,0.75,1.25,1.0,0.75,0.75,1.0,1.25
3,0.25,0.75,1.75,4.75,3.75,1.5,0.5,0.0,0.75,0.75,1.25,3.75,4.0,1.5,1.0,0.5,0.25,1.5,3.0,3.75,4.0,3.25,0.25,0.25,1.5,3.0,3.75,3.25,3.5,3.75,1.5,0.0,0.75,0.0,1.5,3.5,3.75,3.25,2.5,0.25,1.25,1.0,1.25,2.0,1.5,1.75,0.75,1.0,1.0,1.0,0.75,1.25,1.0,0.5,0.75,1.0,1.5,0.75,1.0,0.25,1.0,1.25,1.25,1.5
4,0.5,0.75,1.75,4.5,3.5,1.0,0.5,0.25,0.75,1.25,1.75,3.0,3.75,1.5,1.0,0.75,1.0,2.0,3.75,4.25,4.25,3.5,0.25,0.25,0.75,3.5,3.75,3.75,3.75,4.0,1.5,0.0,0.5,0.75,1.75,3.25,3.75,3.25,2.0,0.5,1.5,1.25,1.75,2.5,1.25,1.25,0.25,1.0,1.0,1.25,1.0,1.25,0.5,0.75,1.0,0.75,1.0,1.0,1.25,1.0,1.0,1.0,1.0,1.5
5,0.25,1.0,1.5,4.5,3.5,1.5,0.0,0.75,0.75,0.75,1.5,3.5,3.75,1.5,0.25,1.0,0.75,2.0,3.5,3.75,4.0,3.0,0.5,0.5,1.25,3.25,3.5,4.25,4.0,3.75,1.25,0.0,0.5,0.5,1.5,3.5,4.0,3.25,2.75,0.25,1.25,1.5,1.75,2.5,1.5,1.5,0.75,1.25,1.25,0.75,1.0,1.25,0.75,0.75,1.0,1.25,1.75,1.0,1.0,1.0,1.0,0.75,0.75,1.5
6,0.0,0.0,1.5,4.5,3.5,0.75,0.0,0.0,0.75,0.25,1.5,3.75,3.75,1.0,0.5,0.25,0.0,0.75,3.0,3.75,3.75,3.5,0.5,0.0,1.0,3.5,3.25,3.5,3.5,3.5,1.25,0.25,0.0,0.0,1.25,3.5,4.0,3.0,2.0,0.25,0.75,0.75,1.75,1.75,1.25,1.25,0.25,1.0,0.75,0.75,0.75,0.75,0.5,0.25,0.0,1.25,1.25,0.75,1.25,0.75,0.25,0.0,0.75,1.75
7,0.5,1.25,2.0,5.0,4.0,1.25,0.0,0.25,1.0,1.25,1.5,4.25,4.0,2.0,1.5,1.0,1.0,1.75,3.5,3.5,4.25,4.0,1.0,0.5,1.25,3.25,3.75,4.0,3.75,4.25,1.75,0.25,0.25,0.75,1.75,3.5,4.5,4.0,2.75,0.25,1.5,1.5,2.25,2.5,2.0,2.0,0.75,1.5,1.5,1.0,1.0,1.5,1.0,1.0,1.25,1.5,1.75,1.0,1.5,1.25,1.0,1.25,1.5,1.5
8,1.25,1.0,2.25,5.0,3.5,1.5,0.0,0.5,1.0,1.5,2.0,3.5,3.75,1.75,1.5,0.75,0.75,2.25,3.75,4.5,4.25,3.5,1.0,0.5,1.0,3.5,3.75,4.25,4.25,4.25,2.0,0.75,0.0,0.5,1.75,3.75,4.25,3.5,2.5,0.5,1.5,1.25,2.25,2.25,2.0,2.25,1.25,1.5,0.75,1.0,1.0,1.5,1.25,1.25,0.25,1.5,2.0,1.25,1.75,1.25,0.25,1.0,1.0,1.5
9,1.0,1.0,1.5,5.0,3.75,1.5,0.25,0.5,1.0,1.0,1.75,4.25,4.5,1.75,1.25,0.5,0.5,2.0,3.25,4.0,4.25,3.5,1.0,0.0,0.75,3.5,3.75,3.75,3.75,4.0,2.0,0.75,0.75,0.25,1.75,4.0,4.25,3.75,2.75,1.0,1.25,1.5,2.5,2.5,1.75,2.0,1.25,1.5,1.25,1.75,1.5,1.25,0.75,0.75,0.75,1.75,1.5,1.25,1.25,1.75,1.0,1.25,1.0,1.5
10,1.0,1.0,1.75,5.5,4.0,1.5,0.0,0.5,0.75,1.0,1.75,4.0,4.25,1.75,1.0,0.25,0.75,1.5,3.75,4.25,4.5,3.75,0.75,0.5,1.5,3.5,3.5,3.75,3.5,4.0,2.0,0.25,0.5,0.75,1.75,3.5,4.5,3.75,2.75,0.25,1.25,1.5,2.0,2.5,2.0,1.75,1.25,1.5,1.25,1.25,1.25,2.0,1.25,0.75,1.0,1.25,1.5,1.5,1.75,1.0,0.75,1.25,0.5,1.0
11,0.25,0.75,2.0,4.75,3.0,1.0,0.25,0.25,0.25,1.0,1.5,3.75,3.25,1.0,1.0,0.75,1.0,1.75,3.75,4.0,4.0,3.25,0.75,0.0,0.5,3.25,3.25,3.75,3.5,3.75,1.0,0.25,0.0,0.25,1.25,3.25,3.75,3.0,2.0,0.0,0.75,1.0,1.75,2.0,1.25,1.25,0.75,0.75,1.0,1.0,0.5,1.25,0.75,0.25,0.25,0.75,1.25,1.5,1.0,0.5,1.0,0.5,1.25,1.0
12,0.25,0.75,1.75,4.5,3.5,1.0,0.0,0.5,0.5,1.0,1.25,3.25,3.25,1.25,1.0,0.25,0.5,2.0,3.75,4.0,3.75,3.5,0.25,0.0,0.5,3.25,3.5,4.0,3.75,3.5,1.25,0.25,0.25,0.0,1.5,3.0,3.75,3.25,2.0,0.25,0.25,0.75,1.5,1.75,1.5,1.0,0.5,0.75,0.75,0.75,0.5,2.0,0.75,0.75,0.75,1.0,1.25,0.5,1.25,0.25,0.25,0.5,0.25,1.25
13,0.5,1.25,2.25,5.0,3.25,1.25,0.0,0.75,1.0,1.0,1.75,4.25,4.75,1.75,1.25,1.25,0.75,1.5,3.25,4.75,4.5,3.5,0.75,0.75,1.25,3.75,3.5,4.0,4.0,4.0,2.0,0.5,1.25,0.25,1.75,3.5,4.0,3.5,2.75,0.25,0.75,1.5,2.25,2.25,2.0,2.0,0.75,1.25,1.25,1.25,1.0,1.5,1.0,0.5,0.75,2.0,1.75,1.5,1.75,1.0,1.0,1.5,1.25,1.5
14,0.5,1.25,2.0,5.0,3.25,1.25,0.25,0.75,1.25,1.0,1.75,4.0,4.25,1.5,1.25,0.25,0.25,1.0,3.25,4.0,4.25,3.5,0.5,0.0,1.0,3.75,3.75,4.0,4.0,4.0,1.5,0.25,0.25,0.0,1.75,3.5,4.0,3.5,2.25,0.5,1.25,1.5,1.75,2.0,1.75,1.5,1.25,1.25,0.75,1.25,0.75,1.25,0.5,0.25,0.5,1.5,1.5,1.5,1.5,1.25,1.0,1.0,0.75,1.5
15,0.75,1.0,2.5,5.0,3.5,1.25,0.0,0.75,0.75,1.5,2.0,3.5,3.0,1.75,1.0,0.25,0.75,2.5,4.25,4.75,4.25,3.5,1.25,0.75,1.0,3.25,3.75,4.25,4.25,3.75,2.0,0.25,0.75,0.75,2.0,3.75,4.25,3.75,2.75,0.5,1.0,1.5,2.5,2.5,2.25,2.5,1.75,1.25,1.25,1.75,1.5,1.75,1.0,1.0,1.0,2.0,1.75,1.0,1.5,1.25,1.0,1.0,0.75,1.5
16,1.0,1.75,2.5,5.0,3.5,1.75,0.0,0.5,1.25,1.25,2.25,4.0,4.0,1.5,1.75,1.0,1.5,3.0,4.75,4.25,4.5,3.5,1.25,0.5,1.25,3.5,4.0,4.75,4.5,4.0,2.0,0.75,0.5,0.5,1.5,3.75,4.25,3.5,2.75,0.5,1.75,1.5,2.5,2.75,2.0,1.75,1.5,1.75,1.25,1.0,1.5,1.5,1.25,1.0,1.25,1.0,1.5,1.25,1.25,1.25,1.0,1.25,1.0,1.5
17,0.75,1.5,1.75,5.0,4.0,1.75,0.75,0.75,0.75,1.25,2.0,3.75,4.25,1.75,1.25,0.5,1.0,2.25,3.5,4.25,4.5,4.0,1.0,0.0,0.75,3.5,4.0,4.75,4.25,3.75,2.5,0.75,0.75,0.75,2.0,3.75,4.25,3.75,2.75,0.5,1.25,1.5,2.25,3.0,2.25,2.25,1.0,1.5,1.0,1.25,1.5,1.25,1.0,0.75,1.0,2.25,0.5,1.75,1.25,0.5,1.25,1.25,1.0,1.5
18,0.25,1.0,1.75,4.75,4.0,1.0,0.5,0.5,1.0,1.0,1.75,4.0,4.25,2.0,1.0,1.25,1.0,1.75,3.75,4.5,4.25,3.75,0.5,0.5,1.0,3.25,3.5,3.75,4.0,4.0,1.75,0.0,0.25,0.5,1.75,3.5,3.75,3.5,2.25,0.75,1.0,1.25,1.5,2.0,2.0,1.75,1.0,0.5,1.25,1.0,1.25,1.25,0.5,1.25,1.0,1.5,1.75,0.75,1.0,1.25,0.75,1.0,1.0,1.5
19,0.25,1.0,1.75,5.0,3.0,1.0,0.5,0.75,0.75,0.75,1.5,3.75,3.25,1.0,0.75,0.25,0.5,2.75,3.5,3.5,4.0,3.0,1.0,0.5,0.75,3.0,3.25,4.25,3.5,3.75,1.25,0.0,0.25,0.25,1.25,3.25,3.75,3.5,2.5,0.5,1.0,0.75,1.75,2.5,1.75,1.5,0.75,0.75,1.25,1.25,0.5,1.25,0.75,0.75,1.0,1.0,0.75,0.5,1.0,0.5,1.0,0.5,1.25,1.25
20,1.25,1.75,2.25,5.0,3.75,0.75,0.25,0.25,1.25,1.0,3.0,3.75,3.5,2.0,1.25,0.75,1.25,3.75,4.25,4.5,4.75,3.5,1.25,0.75,0.75,2.25,3.25,4.25,4.25,4.0,2.75,0.5,0.5,0.0,1.25,3.75,3.75,3.25,2.75,0.75,1.25,1.0,2.0,2.25,2.25,1.75,1.0,1.0,1.25,1.5,1.25,1.25,0.5,1.25,1.0,1.25,1.25,1.5,1.5,1.25,1.0,0.75,1.25,1.25
21,1.0,1.5,2.25,5.0,3.5,1.25,0.5,0.25,0.75,1.5,2.25,4.25,3.75,1.5,1.5,0.75,1.0,3.25,4.0,4.0,4.75,3.5,1.5,0.5,1.25,2.75,3.25,4.0,3.75,3.75,3.0,0.0,0.5,0.75,1.75,3.5,3.75,3.0,2.5,0.75,1.0,1.5,1.75,2.5,2.0,1.25,0.75,0.75,1.25,1.25,1.25,1.5,0.5,0.5,1.0,1.25,1.25,1.5,1.5,0.75,0.75,1.0,1.25,1.0
22,0.5,1.0,1.75,4.5,3.25,1.25,0.25,0.5,1.0,1.25,1.75,4.5,4.25,1.75,1.0,0.75,0.75,1.5,3.5,4.5,4.5,3.25,1.25,0.0,1.25,3.25,3.5,3.75,3.75,3.75,3.5,0.25,0.25,0.75,1.75,3.25,4.0,2.75,1.75,0.25,1.0,1.5,1.75,2.0,2.0,1.75,0.75,1.0,0.75,0.5,1.25,1.0,0.5,0.75,0.75,1.5,1.5,1.0,1.25,1.0,1.0,0.5,0.75,2.0
23,0.0,0.75,1.75,5.0,4.25,1.5,0.25,0.5,0.75,1.0,1.75,4.25,4.0,1.75,1.0,0.75,0.5,2.5,3.25,3.75,4.25,3.5,1.25,0.5,1.25,3.0,3.5,4.0,3.75,4.0,3.5,1.25,0.25,0.25,1.5,3.75,4.0,2.75,1.75,0.75,1.25,1.5,2.25,2.5,2.0,1.75,1.25,1.0,1.75,1.0,1.5,1.5,0.5,1.25,0.75,1.0,1.5,1.5,1.0,1.5,0.5,0.75,1.0,1.25
24,0.75,1.0,2.0,4.75,3.5,1.25,0.25,0.5,0.5,1.25,3.25,3.5,4.0,2.0,1.5,0.75,1.0,3.5,4.25,4.25,4.25,4.0,1.5,0.75,0.75,2.5,3.25,4.0,3.75,3.75,3.5,1.25,0.0,0.25,1.25,3.75,3.75,2.5,1.25,0.5,0.75,1.25,1.5,2.0,2.0,1.75,1.0,1.5,1.0,1.25,1.25,1.25,0.75,0.75,1.0,1.0,0.75,1.25,1.25,0.75,0.75,1.0,0.75,1.5
25,0.25,0.75,1.75,4.25,3.5,1.0,0.25,0.75,0.75,0.75,1.75,3.75,3.5,1.5,1.0,0.5,0.25,2.75,3.75,3.25,3.5,2.75,1.0,0.5,1.0,2.5,3.25,3.5,3.5,3.25,3.5,0.75,0.0,0.0,1.25,3.5,3.5,2.5,1.0,0.75,0.25,1.0,1.75,2.0,1.25,1.25,0.75,1.0,0.25,0.75,0.75,1.25,0.75,0.75,1.0,1.25,0.75,0.5,1.0,0.75,0.75,1.25,0.5,0.75
26,0.25,1.5,1.75,4.5,3.25,0.75,0.5,0.5,0.75,1.25,1.75,4.25,4.0,1.5,0.75,0.5,0.25,3.0,3.5,3.25,3.75,3.5,1.25,0.75,0.5,2.5,3.0,3.75,3.75,3.25,3.5,1.25,0.0,0.25,1.25,3.25,3.5,2.5,0.25,0.75,0.5,1.25,1.5,2.25,1.5,1.25,0.75,0.75,1.0,1.0,1.5,1.25,0.5,0.5,0.5,0.75,1.25,1.0,1.25,0.75,0.5,1.0,1.0,1.5
27,0.75,1.25,1.75,4.5,3.75,1.25,0.0,0.5,1.25,1.75,2.75,3.5,3.75,1.75,1.25,1.0,0.75,3.25,4.25,4.5,4.0,3.75,1.5,1.0,0.75,2.25,3.25,4.0,4.0,3.25,4.0,1.25,0.25,0.25,1.25,3.25,3.75,2.5,0.75,0.25,1.0,1.5,1.75,2.0,2.0,1.75,1.0,0.75,1.0,1.25,1.25,1.75,0.75,1.0,1.25,1.25,1.25,1.0,1.75,0.75,0.75,1.25,1.5,1.5
28,1.25,1.25,2.25,4.75,3.75,1.25,0.75,0.5,1.25,1.5,2.75,3.5,4.0,2.0,1.0,0.75,0.75,3.25,4.25,4.25,3.75,3.75,2.0,0.5,1.0,2.5,3.75,4.25,3.75,3.75,4.0,2.0,0.5,0.0,1.5,3.25,4.0,3.0,0.75,0.75,1.25,1.25,1.75,2.75,1.75,1.5,1.25,1.25,1.25,1.5,1.75,1.75,1.0,1.25,1.0,1.25,1.0,1.25,1.0,1.25,0.5,1.0,1.25,1.75
29,0.5,0.75,2.0,4.75,3.75,1.5,0.0,1.0,0.5,1.0,1.75,4.25,4.5,1.75,1.25,1.25,1.0,3.0,4.25,4.0,4.25,3.75,1.5,1.0,0.75,2.75,3.25,4.25,4.25,3.75,4.0,1.5,0.5,0.25,1.25,3.5,3.75,2.75,0.75,1.0,0.75,1.75,2.0,2.75,1.75,1.5,1.25,1.0,1.25,1.0,1.5,1.25,1.0,1.0,1.25,2.0,0.75,1.0,1.75,0.75,0.75,1.25,1.0,2.0
30,0.75,1.25,1.75,5.25,4.0,1.0,0.0,0.75,1.0,1.25,2.25,4.25,4.0,1.75,1.25,0.75,1.0,3.25,4.0,4.25,4.5,3.0,2.0,0.75,0.75,2.75,3.25,4.0,3.75,3.75,4.0,1.75,0.25,0.25,1.5,3.5,3.75,2.75,0.75,0.5,0.75,1.5,1.75,2.25,1.75,1.25,1.0,0.75,1.75,1.25,1.0,1.5,0.75,1.0,0.75,1.5,1.75,1.25,1.0,1.0,1.0,1.25,1.25,1.25
31,0.5,1.25,2.0,4.5,3.5,1.25,0.0,0.75,1.0,1.75,3.0,3.5,4.0,1.75,1.25,0.5,1.0,3.75,4.25,4.25,4.75,3.75,1.5,1.25,1.0,3.0,3.0,4.0,4.0,3.75,4.0,1.5,1.0,0.5,1.5,3.75,3.75,2.5,0.5,1.0,1.5,1.5,1.75,2.75,2.0,2.0,0.75,1.5,1.0,1.25,1.25,1.75,1.0,0.25,0.75,1.25,2.0,1.25,1.5,1.0,1.25,1.25,1.0,1.25
32,1.25,1.25,1.75,4.5,3.75,1.5,0.5,0.5,0.5,0.75,1.75,3.5,3.75,1.25,1.5,1.0,0.0,1.5,3.5,3.25,4.0,3.5,1.75,0.5,1.0,3.75,3.5,4.0,3.75,3.5,4.0,1.25,0.25,0.25,1.5,3.25,3.75,2.5,0.5,0.5,1.25,1.0,1.75,2.25,2.0,1.5,1.25,1.25,1.25,1.75,1.0,1.0,1.0,0.5,1.25,1.25,1.5,0.75,0.75,1.25,0.75,1.25,1.0,1.0
33,0.5,0.5,1.5,4.25,3.25,1.0,0.5,0.0,0.25,0.5,1.5,4.0,3.75,1.5,1.5,0.75,0.25,0.25,3.0,3.75,4.0,3.0,2.0,0.75,0.5,3.75,3.25,3.75,3.25,3.25,3.25,1.75,0.25,0.75,1.0,2.75,3.25,2.5,0.25,0.5,0.75,1.25,1.5,1.75,1.5,1.5,1.25,1.0,0.25,1.25,0.75,1.0,0.25,0.75,0.25,1.0,1.5,1.25,1.5,1.0,0.5,0.5,0.5,1.5
34,0.75,1.5,2.25,4.75,4.0,1.75,0.75,1.25,0.25,1.0,1.5,4.25,4.25,1.5,1.5,1.0,0.0,0.5,3.5,4.0,4.0,3.5,3.5,1.75,0.25,3.75,4.0,3.75,3.75,3.25,2.0,1.0,0.75,1.0,2.0,3.25,4.0,2.25,0.25,0.5,1.25,1.0,1.75,2.0,1.75,1.75,1.25,1.25,1.0,1.0,1.5,1.0,0.5,0.75,1.25,1.0,1.25,0.75,1.0,1.5,1.25,0.75,1.25,1.25
35,1.0,1.5,2.0,5.0,3.75,1.75,0.75,1.0,0.75,1.0,1.75,4.25,4.5,3.5,2.5,1.5,0.75,0.75,3.25,4.25,4.25,4.5,4.25,2.5,0.75,3.75,4.0,4.25,3.5,3.5,1.75,0.75,1.0,1.25,1.75,3.25,4.0,3.0,0.0,0.0,1.25,1.0,1.75,2.25,2.0,1.75,1.5,1.75,2.0,1.75,1.25,1.5,1.25,1.0,1.0,1.75,1.75,1.25,2.0,1.25,1.25,1.0,1.75,1.5
36,0.5,0.25,2.0,4.25,3.75,1.0,0.75,0.0,0.5,0.25,1.5,3.75,4.25,2.75,1.75,0.5,0.0,0.5,2.75,4.0,3.75,3.75,3.25,2.0,0.5,3.25,3.25,3.75,3.25,2.75,1.0,0.25,0.25,0.75,1.5,3.0,3.75,2.25,0.0,0.25,0.5,0.5,1.25,1.75,1.5,1.25,0.75,0.75,0.5,0.75,1.0,0.75,0.5,0.5,0.75,1.25,1.25,0.75,0.75,0.5,1.0,1.0,0.75,1.0
37,0.75,0.75,2.25,4.75,3.75,1.5,0.25,0.75,0.25,1.25,1.5,3.5,3.75,1.25,1.25,0.75,0.5,0.5,3.0,4.0,3.75,3.25,3.0,1.75,1.0,3.5,3.5,4.0,3.5,3.0,2.0,1.0,0.5,0.5,1.75,3.0,3.5,2.75,0.25,0.0,0.75,0.75,1.75,2.0,1.5,1.75,1.0,0.75,0.75,1.0,1.0,1.25,0.75,0.5,0.75,1.5,1.0,1.0,0.75,0.75,0.75,0.5,1.25,1.0
38,0.75,1.0,2.0,4.5,3.5,1.25,0.5,0.75,0.5,0.75,1.75,4.25,4.25,1.25,1.5,1.0,0.75,0.5,3.0,4.0,4.0,3.5,3.5,1.5,0.75,3.5,4.0,4.25,3.5,3.5,2.0,1.25,0.25,1.0,1.25,3.5,3.5,2.75,0.5,0.0,1.25,1.0,1.75,2.0,1.5,1.75,1.5,1.25,1.25,1.5,1.0,1.0,0.75,0.75,0.25,1.75,1.25,1.0,1.25,1.0,1.0,1.5,1.0,2.25
39,0.5,1.0,2.25,4.5,4.0,1.5,0.5,1.0,0.5,0.5,1.75,4.0,3.75,2.5,1.5,1.25,0.25,0.5,3.5,4.0,4.25,3.25,4.0,2.25,0.75,3.75,4.0,3.75,3.25,3.0,1.5,0.25,0.5,0.5,1.25,3.0,3.75,2.25,0.0,0.0,1.0,1.25,1.5,2.25,1.75,1.75,0.5,1.0,1.25,0.75,0.75,1.0,1.0,0.5,0.25,1.5,1.0,1.0,1.25,0.5,0.75,0.75,0.75,1.75
40,0.0,1.25,2.0,4.5,3.75,1.25,0.25,0.75,1.25,0.75,1.5,3.75,4.25,2.75,1.75,1.0,0.5,0.25,3.0,4.5,4.0,4.0,3.75,2.25,0.25,3.5,3.25,3.5,3.25,3.25,1.0,0.5,0.5,0.5,1.25,3.25,3.5,2.25,0.25,0.5,0.75,0.75,1.5,2.25,1.75,1.5,0.25,0.5,0.5,1.0,0.75,1.25,0.5,0.75,0.75,0.75,1.0,1.25,1.25,0.25,0.75,0.75,0.75,1.0
41,1.0,0.75,2.0,5.0,3.75,1.0,0.25,1.0,0.5,1.0,1.75,4.5,4.25,2.0,1.25,1.25,0.25,1.25,3.0,4.25,4.25,3.5,3.0,1.5,0.5,4.0,3.75,4.0,3.5,3.75,2.75,1.5,0.0,1.5,1.75,3.75,3.75,2.25,0.25,0.5,1.25,0.75,2.0,2.75,1.25,1.75,1.25,1.5,1.75,1.25,1.0,1.75,0.5,1.5,1.5,1.5,1.25,1.25,1.0,1.25,0.75,1.0,0.75,1.5
42,0.75,1.0,1.75,4.75,3.75,1.25,0.0,0.75,0.5,1.0,1.25,4.25,4.25,1.75,1.5,1.0,0.5,0.5,3.0,4.25,4.0,3.5,2.25,1.75,1.25,3.75,4.25,4.25,3.75,3.5,2.75,1.5,0.5,1.0,1.5,3.75,3.75,2.5,0.5,0.25,1.25,1.25,2.0,2.0,1.5,1.75,1.25,1.25,1.25,1.0,1.0,1.5,1.5,0.75,1.5,1.0,1.75,1.5,1.25,1.0,1.0,0.5,1.0,1.75
43,0.5,0.75,2.0,4.75,3.75,1.5,0.0,0.75,0.5,0.5,1.75,3.75,4.25,2.25,1.75,1.25,0.5,0.5,3.25,4.0,4.25,4.0,3.5,1.75,0.5,3.25,4.0,3.5,3.25,3.25,2.25,1.0,0.25,1.0,1.5,3.5,3.75,2.5,0.25,0.0,1.25,0.75,1.75,2.25,1.75,1.5,1.0,1.75,1.0,1.25,0.75,1.25,0.75,0.75,0.75,1.25,1.0,0.75,1.5,0.75,1.0,1.0,0.75,1.75
44,0.75,0.75,1.75,4.0,4.0,1.0,0.25,0.25,0.25,0.5,1.25,4.0,3.75,1.75,1.25,1.0,0.75,0.5,3.0,4.5,3.75,3.5,3.0,1.0,0.75,3.75,4.0,4.0,3.25,3.75,3.0,1.5,0.25,0.75,1.25,3.25,3.75,3.0,0.25,0.0,1.0,1.0,1.75,2.25,1.5,1.5,1.0,1.0,1.25,1.0,0.75,1.25,1.0,0.75,0.75,1.0,1.5,1.0,1.25,1.5,1.0,1.0,1.25,2.0
45,1.0,1.5,2.0,4.25,4.0,1.5,0.0,1.0,1.0,1.0,2.0,4.25,4.5,2.25,1.5,1.0,1.0,0.5,2.75,4.75,4.25,3.5,2.5,1.0,1.25,4.0,4.25,4.25,3.75,3.5,3.25,1.75,0.5,1.0,1.75,3.5,3.75,3.0,1.25,0.5,1.25,1.25,1.5,2.0,1.75,2.0,1.0,1.25,1.25,1.5,0.75,1.75,1.0,1.0,0.5,1.25,1.5,1.5,1.25,1.0,1.25,1.5,1.75,2.0
46,0.25,0.25,2.0,4.25,3.5,1.25,0.0,0.0,0.25,0.5,1.5,3.75,4.0,1.5,1.5,0.75,0.5,0.75,3.25,4.25,4.0,3.75,2.25,0.5,1.0,3.25,3.75,4.25,3.5,3.75,2.5,1.25,0.5,1.0,1.5,3.25,3.25,2.75,0.25,0.5,0.25,0.5,1.75,2.0,1.25,1.25,1.0,1.25,1.5,1.25,0.5,1.0,0.5,1.0,1.0,0.75,1.5,1.25,0.25,1.75,0.75,0.75,0.75,1.25
47,0.5,0.5,1.25,4.25,3.75,1.25,0.5,0.5,0.25,0.75,1.25,3.75,3.75,1.75,1.25,0.75,0.5,0.0,2.75,4.0,4.0,3.5,3.75,0.25,0.25,3.25,3.5,4.25,3.5,3.0,2.0,0.25,0.0,1.5,1.5,3.0,3.5,2.25,0.5,0.0,0.75,1.0,1.25,2.0,2.0,2.25,1.0,1.0,1.0,0.5,1.0,0.75,1.0,0.75,1.0,1.5,1.25,1.0,1.25,0.5,0.75,1.0,0.5,1.0
48,0.75,0.75,2.0,4.5,3.75,1.25,0.75,0.5,0.75,0.75,1.75,3.75,4.25,2.75,2.0,1.25,0.5,0.25,3.25,4.25,4.5,3.5,3.75,1.5,1.0,3.75,4.0,4.25,3.25,3.0,2.75,1.0,0.75,1.5,1.75,3.5,3.5,2.5,0.0,0.5,1.25,1.25,2.0,2.25,2.0,1.75,1.0,1.25,1.0,1.5,1.0,1.75,0.75,0.5,1.0,1.25,1.5,0.75,1.25,0.75,1.25,0.75,1.25,2.0
49,0.5,0.75,1.75,4.5,3.75,1.25,0.25,1.0,0.0,1.25,1.5,4.0,4.0,1.5,1.5,0.5,0.5,0.5,3.0,4.0,4.5,3.25,2.5,1.0,0.0,3.75,3.5,4.0,3.25,3.25,2.75,1.25,0.25,1.25,1.75,3.25,3.25,2.25,0.25,0.25,0.75,1.0,1.75,1.75,2.0,1.25,1.0,1.25,0.75,1.0,1.0,1.25,1.0,0.5,0.5,1.0,1.75,1.25,0.75,0.75,0.5,0.5,1.0,1.0
50,0.5,1.0,1.75,4.25,3.25,1.0,0.0,0.25,0.5,0.0,1.0,3.5,4.0,1.25,1.25,1.0,0.25,0.25,3.25,4.0,4.0,3.25,3.0,0.75,0.5,3.75,3.75,4.0,3.25,3.0,2.25,1.0,0.0,1.0,1.75,3.25,3.25,2.5,0.25,0.0,1.25,0.75,1.5,2.0,1.5,1.75,1.25,1.0,0.5,1.0,0.75,1.0,0.5,1.0,0.75,0.75,0.75,1.5,1.25,0.75,0.75,1.0,1.0,1.0
51,0.75,1.0,2.25,4.5,4.0,1.5,0.75,1.0,1.0,0.75,1.5,4.0,4.25,2.5,1.75,1.25,0.5,0.5,3.5,4.25,4.5,3.75,3.5,1.5,0.75,3.5,3.75,4.25,3.5,3.25,2.0,1.0,1.0,1.25,1.5,3.75,3.75,2.5,0.25,0.0,1.5,1.0,2.0,2.5,1.75,1.75,1.5,1.25,1.75,1.25,1.5,1.5,0.75,0.75,1.0,1.75,1.25,1.25,1.25,1.25,1.0,0.75,1.0,1.5
52,0.5,0.75,1.5,4.25,3.25,1.0,0.0,0.75,0.5,0.75,1.5,3.75,4.0,1.25,1.25,0.5,0.0,0.0,3.0,4.0,3.5,3.25,3.0,0.75,0.25,3.5,3.75,3.75,3.75,3.25,2.5,1.0,0.25,1.25,1.75,3.25,3.5,2.25,0.25,0.25,1.0,0.75,1.75,2.75,1.25,1.25,1.0,0.75,1.5,0.5,0.75,1.0,1.25,1.0,0.75,0.5,1.5,2.0,1.25,0.75,0.75,0.75,1.0,1.5
53,0.75,0.5,1.75,4.0,3.75,1.25,0.0,0.25,0.25,0.5,1.75,4.0,4.25,1.75,1.75,0.75,0.75,0.75,2.75,4.0,4.0,3.5,2.5,0.75,0.75,3.5,3.75,3.75,3.25,3.25,3.0,1.25,0.0,1.25,1.5,3.25,3.5,2.25,0.5,0.75,0.75,1.0,1.75,2.25,2.0,1.75,1.0,1.25,1.25,1.5,1.0,1.25,1.0,1.0,0.5,1.0,1.0,0.75,1.25,1.25,0.75,1.0,0.75,2.0
54,0.0,0.5,1.25,4.0,3.5,1.25,0.25,0.0,0.25,0.5,1.0,3.5,3.75,1.75,1.25,0.75,0.25,0.0,3.25,3.75,3.75,3.5,3.25,0.5,0.0,3.25,3.5,3.5,3.5,2.75,2.0,0.5,0.75,1.0,1.5,3.5,3.25,2.25,0.25,0.0,0.25,1.0,1.75,2.0,1.25,1.25,1.0,0.5,1.0,1.0,0.75,1.0,0.5,0.25,0.25,1.25,1.25,1.0,0.75,0.25,0.75,0.5,1.0,0.5
55,0.5,0.5,2.0,4.25,4.0,1.25,0.25,0.25,0.75,0.5,1.25,3.75,4.25,3.0,2.0,1.0,0.0,0.25,3.25,4.25,4.5,3.75,3.75,1.5,1.0,3.25,3.75,3.75,3.25,3.25,1.5,1.0,0.75,1.5,1.75,3.5,3.5,2.5,0.5,0.5,0.75,1.0,1.75,2.0,1.5,1.75,1.0,0.75,1.0,1.0,0.75,1.25,1.0,0.75,1.0,1.0,1.0,1.25,1.5,0.75,1.0,1.25,1.0,1.75
56,0.5,1.25,1.75,4.5,3.25,1.25,0.0,0.75,0.75,1.0,1.25,4.0,4.25,2.0,1.5,1.25,0.75,0.75,3.0,4.0,4.0,3.75,3.0,1.0,0.25,3.25,3.75,4.0,3.75,2.75,2.5,1.25,1.0,1.75,1.75,3.25,3.5,2.5,0.5,0.25,0.5,1.0,1.25,2.25,1.5,1.25,1.5,1.5,1.75,1.25,1.25,1.5,1.0,0.75,1.25,1.25,1.0,1.25,1.0,0.75,1.25,0.75,1.0,1.0
57,0.5,0.75,1.5,4.75,3.25,0.5,0.0,0.25,0.0,0.75,1.5,3.5,3.5,1.25,1.0,0.5,0.25,0.5,2.5,3.75,4.0,3.0,2.5,0.75,0.0,3.25,3.75,3.75,3.25,2.75,2.25,0.75,0.25,0.75,1.75,2.75,3.25,2.5,0.25,0.0,0.75,1.0,1.75,2.25,1.5,1.25,0.75,1.0,1.0,0.25,0.5,1.25,0.75,0.25,0.25,0.75,0.75,0.75,1.0,1.0,0.25,0.5,0.75,1.25
58,0.5,1.25,1.75,4.5,3.5,1.5,0.0,0.5,0.5,1.0,2.0,4.0,4.0,1.75,1.5,1.25,0.75,1.0,3.25,4.25,4.5,4.0,3.25,1.0,0.75,3.25,4.0,4.0,3.75,3.25,3.0,1.5,1.0,1.5,2.0,3.75,3.5,2.75,0.25,0.75,1.0,1.25,2.0,2.5,2.25,1.75,1.25,1.75,1.25,0.75,1.75,1.5,1.0,1.0,1.25,1.5,1.75,1.5,1.5,1.0,1.25,1.0,1.25,1.25
59,0.0,1.0,1.5,4.25,3.5,1.25,0.0,0.5,0.25,0.75,1.0,3.75,3.75,2.25,1.25,1.25,0.0,0.25,2.75,4.0,3.5,3.75,3.5,1.25,0.5,2.75,3.75,4.0,3.75,3.5,1.75,1.0,0.75,1.25,1.75,3.0,3.0,2.25,0.0,0.25,0.75,0.75,1.5,2.25,1.25,1.0,0.75,1.0,0.75,0.75,1.0,1.0,0.5,0.75,0.75,1.25,1.0,1.5,1.0,0.75,1.0,0.5,1.0,1.75
60,0.5,1.0,1.75,4.0,4.0,1.0,0.5,0.0,0.25,1.25,1.5,4.0,4.0,2.0,1.25,1.0,0.5,0.25,2.75,4.0,4.0,3.75,4.0,1.0,0.25,3.5,3.75,4.0,3.75,3.5,2.0,1.0,0.75,1.0,1.5,3.25,3.5,2.5,0.25,0.5,0.75,0.75,2.0,2.75,1.75,1.5,1.25,1.0,1.0,1.25,0.75,1.5,1.0,1.0,1.0,1.5,1.5,1.25,1.0,0.75,0.75,1.5,1.0,1.5
61,0.0,0.75,2.0,4.25,3.75,1.0,0.75,0.5,0.5,0.75,1.0,4.25,4.5,1.5,1.0,0.75,0.25,0.5,3.25,4.25,4.25,3.5,2.5,1.0,0.5,3.25,3.75,4.0,3.5,3.5,3.5,2.0,0.5,1.75,1.75,3.0,3.5,2.75,0.25,0.0,1.25,1.0,2.0,2.5,1.5,1.25,1.5,1.25,0.5,1.0,1.0,1.0,1.25,0.75,1.25,1.5,1.5,1.0,1.5,0.75,1.0,1.5,1.0,1.75
62,0.5,0.5,1.75,4.5,3.75,1.25,0.0,0.75,1.0,0.75,1.5,3.75,4.25,1.75,1.0,1.25,0.75,0.75,3.25,4.5,4.0,3.75,2.75,1.5,1.0,3.5,4.0,4.25,3.25,3.5,3.0,1.5,0.75,1.0,1.5,3.5,3.5,2.5,0.25,0.75,1.25,1.0,1.75,2.25,1.75,2.0,0.75,1.25,1.0,1.5,1.0,1.75,0.75,0.75,0.75,1.5,1.5,1.0,1.25,1.0,1.0,0.75,1.25,1.5
63,0.25,0.25,1.5,4.0,3.5,0.75,0.25,0.25,0.5,0.75,1.5,3.5,3.75,2.5,1.75,1.0,0.25,0.25,3.0,4.0,4.5,3.75,3.5,1.0,0.25,3.25,4.0,3.75,3.0,3.0,2.0,0.75,0.25,1.0,1.5,3.25,3.75,2.5,0.25,0.0,1.0,0.0,1.75,2.0,1.75,1.25,1.0,0.75,1.0,1.5,1.0,1.5,0.5,0.5,1.0,1.0,1.25,0.75,1.25,0.75,0.75,1.25,0.75,1.25
64,0.25,0.25,1.5,4.25,3.75,1.25,0.5,0.25,1.0,1.0,1.25,3.5,4.25,2.5,1.25,0.75,0.75,0.25,2.75,4.25,3.75,3.5,3.5,1.0,0.25,3.0,3.5,3.75,3.25,3.75,2.0,0.75,0.5,0.75,1.75,3.25,3.25,2.25,0.0,0.0,0.75,0.75,1.5,2.0,1.75,1.75,0.75,1.0,1.0,1.0,0.5,1.0,0.75,0.75,1.0,1.25,1.25,1.0,1.25,0.5,0.25,0.75,0.5,1.0
65,0.5,1.5,1.75,4.5,4.25,2.0,0.0,1.25,0.5,1.25,1.75,4.25,4.5,2.5,1.75,1.5,0.75,0.75,3.5,3.75,4.5,4.0,2.0,0.75,1.5,4.25,3.75,4.25,4.0,4.0,4.0,2.0,1.0,0.5,1.75,3.75,3.75,3.25,1.0,0.75,1.5,2.0,2.25,2.5,2.0,2.0,1.25,1.25,1.75,1.5,1.25,1.5,1.25,1.0,1.0,1.5,2.0,1.0,1.5,1.25,1.25,1.5,1.0,2.5
66,0.0,0.75,1.5,3.75,4.0,1.5,1.0,1.0,1.0,1.0,1.5,3.75,4.25,1.75,1.25,1.25,1.0,0.75,3.25,3.75,4.0,3.75,1.0,0.5,0.75,4.0,3.5,4.0,4.0,3.5,4.0,1.5,0.75,0.75,1.25,3.5,3.5,2.5,0.75,0.5,0.5,1.5,2.0,2.5,1.75,1.5,0.75,1.0,1.5,1.25,1.25,2.0,0.75,1.25,1.0,1.75,1.5,1.0,1.25,0.75,0.75,1.0,1.0,1.25
67,0.0,1.25,1.75,4.0,4.0,1.25,0.25,0.75,0.5,1.0,1.25,3.5,4.0,1.25,1.0,0.5,0.0,1.0,3.0,3.25,3.25,3.25,1.75,0.5,0.75,2.75,3.25,4.0,3.5,2.75,3.75,1.0,0.25,0.25,1.25,3.25,3.5,2.5,0.5,0.75,0.75,1.25,1.75,2.0,1.75,1.5,0.5,0.5,0.75,0.5,1.0,1.25,0.75,0.75,0.5,1.25,1.25,1.0,1.5,1.0,0.5,0.75,1.25,1.5
68,1.0,0.75,1.75,4.25,4.0,1.0,0.0,0.75,0.25,0.75,1.5,3.5,3.5,1.5,0.75,1.0,0.5,2.75,3.75,4.0,4.0,3.25,1.25,0.25,0.5,2.25,2.75,4.0,3.75,3.25,3.25,1.25,0.75,0.0,0.75,3.0,3.0,2.5,0.25,0.25,1.0,1.25,1.75,2.25,1.5,1.0,1.0,0.25,1.25,1.0,0.5,1.25,0.75,0.75,0.75,1.5,1.25,1.5,1.0,0.75,0.5,0.75,1.0,1.5
69,1.0,1.25,1.75,4.25,4.0,1.25,0.25,0.75,0.75,1.25,2.25,3.25,4.0,1.75,1.25,0.75,0.0,2.5,4.25,4.0,4.25,3.75,1.5,0.75,0.75,3.0,3.5,4.0,4.0,3.75,4.0,1.75,0.25,0.0,1.75,3.5,3.5,2.75,0.25,0.5,1.25,1.5,1.75,2.5,2.0,1.75,1.0,1.25,1.25,1.25,1.5,1.5,1.25,0.75,1.5,1.0,1.75,1.25,1.0,1.0,1.25,0.75,1.25,2.0
70,0.0,0.75,1.75,3.5,3.25,1.0,0.0,0.25,0.5,0.5,1.0,3.25,4.25,1.0,1.0,0.5,0.25,1.75,2.75,3.25,3.5,2.5,1.25,0.0,1.0,2.5,3.0,3.5,3.0,3.25,3.75,1.5,0.0,0.0,1.5,3.0,3.0,2.25,0.25,0.0,0.0,0.5,1.5,1.75,0.75,1.25,0.5,0.75,0.25,0.5,1.0,1.0,0.5,0.0,0.5,0.5,1.0,0.75,0.75,0.5,0.25,1.0,0.75,1.25
71,0.25,1.0,1.75,4.0,4.5,1.5,0.5,1.25,0.5,1.0,1.25,4.0,4.5,1.25,1.5,1.0,0.5,2.0,3.25,3.75,4.25,3.5,1.75,1.0,1.25,2.75,3.5,4.25,3.5,3.5,4.25,1.5,0.75,0.0,1.5,3.25,3.25,2.5,0.75,0.5,1.0,1.0,1.75,2.0,2.0,1.75,1.25,1.5,1.0,1.0,1.25,1.75,1.0,0.5,1.25,1.5,1.0,1.0,1.0,1.0,0.75,1.0,1.25,1.5
72,0.0,0.75,1.75,4.25,3.5,1.25,0.25,0.25,0.75,1.0,2.0,3.5,4.0,1.75,1.75,1.0,0.75,2.5,4.0,4.5,4.5,3.25,1.75,1.0,0.75,3.0,3.5,3.75,3.75,4.0,3.75,1.5,0.5,0.0,1.5,3.5,3.75,2.5,0.75,0.5,1.0,1.5,2.0,2.0,2.0,1.75,1.25,1.0,0.75,1.5,1.25,1.75,0.75,1.0,1.0,1.75,1.75,1.25,1.0,1.0,1.0,1.0,1.25,1.25
73,0.25,1.0,1.75,4.5,4.0,1.25,0.0,0.5,0.75,0.75,1.75,3.25,3.75,1.5,1.5,0.75,0.75,1.75,4.0,4.25,4.25,3.25,1.5,0.75,0.5,3.0,3.0,3.75,3.75,3.75,3.75,1.5,0.25,0.0,1.25,3.0,3.25,2.5,0.25,0.25,0.75,0.5,1.75,1.75,1.75,1.5,0.75,1.25,1.25,1.0,1.25,0.75,0.75,0.75,1.0,1.5,1.25,0.75,1.25,0.75,0.25,1.0,1.0,1.25
74,0.5,0.75,2.0,4.25,4.0,1.25,0.75,1.25,0.75,0.75,2.0,3.25,4.0,1.75,1.0,1.0,1.0,2.0,4.0,4.25,4.0,3.25,2.25,0.75,0.75,3.0,2.75,3.75,4.0,3.75,4.0,1.5,0.0,0.0,1.75,3.5,3.5,2.25,0.75,0.25,1.25,1.0,1.75,2.5,1.5,1.75,1.0,1.5,0.75,1.25,1.0,1.5,0.75,1.0,1.0,1.25,1.0,1.75,1.25,1.25,1.0,1.25,1.25,1.0
75,0.25,0.75,1.5,4.5,4.25,1.5,0.75,0.75,1.0,0.5,1.75,3.5,4.5,1.5,1.5,1.25,0.5,1.5,3.25,3.5,4.0,4.0,1.75,0.0,1.0,3.25,3.25,4.0,4.0,4.0,4.0,1.75,0.75,0.25,1.5,3.5,3.5,2.5,1.0,0.75,1.25,1.25,2.25,2.5,2.25,1.75,1.0,1.25,1.5,1.25,1.25,1.5,1.0,1.0,1.0,1.25,1.5,0.75,1.0,0.75,1.0,1.25,1.25,2.0
76,0.0,1.25,2.0,4.75,4.0,1.5,0.75,1.0,0.75,1.5,2.25,4.0,4.0,1.75,1.75,1.25,1.5,3.0,4.25,4.5,4.5,3.75,2.25,1.25,1.25,3.0,3.0,4.25,4.0,4.0,4.25,2.0,0.75,0.75,1.75,4.0,4.0,2.75,1.0,1.0,1.5,1.25,2.25,2.75,2.0,2.0,1.25,1.25,1.25,1.25,1.25,1.5,1.5,1.0,1.25,2.0,1.75,1.5,1.25,1.0,1.5,1.25,1.75,1.75
77,0.5,1.25,2.0,4.5,3.5,1.25,0.5,0.0,1.25,1.0,2.25,3.75,4.25,2.0,1.5,1.0,0.5,2.5,4.25,4.75,4.25,4.0,2.0,1.0,0.75,3.25,3.0,4.25,4.0,3.5,4.0,1.75,0.25,0.25,1.5,3.0,3.5,2.75,0.75,0.75,1.25,1.0,1.75,2.25,2.0,1.75,1.25,1.75,1.75,1.0,1.25,1.5,1.25,1.0,1.25,1.75,1.75,1.5,1.5,1.25,1.0,1.0,1.5,1.5
78,0.0,0.5,1.75,4.0,4.0,0.5,0.0,0.5,0.75,1.25,2.25,3.5,3.0,1.25,0.5,0.75,0.75,2.25,4.25,3.75,4.0,3.5,1.75,0.75,1.0,3.0,3.0,3.75,3.25,4.0,4.0,1.0,0.25,0.75,1.25,3.25,3.5,2.5,0.75,0.5,0.75,0.75,2.0,1.5,1.0,1.75,1.0,0.75,0.75,1.0,0.75,1.25,0.5,0.75,0.75,1.25,1.5,1.0,1.0,1.0,1.0,0.25,0.5,2.0
79,0.5,0.75,2.0,4.5,4.5,1.25,0.5,1.0,0.0,0.75,1.5,4.0,4.25,1.75,1.25,0.75,0.75,2.0,3.0,3.75,4.25,3.75,1.5,1.0,1.0,3.25,3.25,4.0,4.0,4.0,4.0,1.5,1.0,0.5,1.5,3.0,3.25,2.75,0.75,0.5,1.25,1.5,2.0,2.5,1.75,1.5,1.25,1.75,1.5,1.25,0.75,1.5,0.75,1.0,0.75,1.75,1.0,0.75,1.0,0.5,0.25,1.25,1.25,1.25
80,0.5,1.0,1.25,4.25,4.0,1.0,0.0,0.25,1.0,1.0,1.5,3.5,3.75,1.5,1.25,0.75,0.5,2.0,3.5,3.75,4.0,3.25,1.5,0.75,0.5,3.0,3.0,3.75,3.5,3.25,4.0,1.25,0.5,0.25,1.0,3.25,3.5,2.5,0.0,0.25,1.0,0.75,1.5,2.0,1.5,1.5,1.0,1.0,0.75,0.75,1.25,1.0,0.75,0.75,1.0,1.5,1.5,1.25,0.75,1.25,0.75,0.25,1.0,1.0
81,0.5,1.0,1.75,4.5,3.5,1.5,0.0,0.75,1.0,1.25,2.5,4.0,4.0,1.5,1.0,0.75,0.75,2.5,4.75,4.0,4.25,3.75,1.75,1.0,0.5,3.0,3.25,4.0,4.0,3.5,3.75,1.25,0.75,0.0,1.25,3.25,4.0,2.75,0.5,0.5,1.0,1.5,2.25,2.75,1.75,1.75,1.25,1.5,1.5,1.5,1.25,1.25,0.5,1.0,1.5,1.25,1.25,1.0,1.0,0.5,1.25,0.5,1.5,1.25
82,0.75,0.75,1.5,4.25,3.5,0.75,0.0,0.25,0.5,0.75,1.5,3.75,3.25,1.25,1.0,0.5,0.5,2.25,3.75,4.0,4.25,3.25,1.0,0.5,1.0,3.25,3.0,3.75,3.5,3.0,3.5,1.25,0.0,0.0,1.0,3.0,3.5,2.75,0.75,0.25,0.75,1.25,1.75,2.25,1.5,1.0,0.75,0.25,0.75,1.0,1.0,1.25,0.75,1.25,0.5,1.0,1.5,1.5,0.75,1.0,0.75,1.25,0.75,1.25
83,0.5,0.75,2.0,4.25,4.0,1.0,0.25,0.0,0.5,0.75,1.25,4.0,3.75,1.75,1.25,0.5,0.25,1.0,3.0,3.25,3.75,3.25,1.5,0.5,0.5,2.5,2.75,3.5,3.0,3.5,3.75,1.5,0.0,0.25,1.0,3.0,3.5,2.25,0.25,0.5,0.75,1.25,1.5,1.25,1.25,1.0,0.5,1.25,1.25,0.75,0.75,1.0,0.5,1.0,0.5,1.0,1.0,0.5,1.25,0.75,0.5,1.5,1.25,2.0
84,0.25,1.0,1.5,4.25,3.75,1.25,0.0,0.0,1.0,0.75,1.5,3.75,3.5,1.75,1.25,0.75,0.5,2.25,3.75,4.25,4.0,3.5,1.5,0.75,0.75,3.25,3.25,4.0,3.75,3.75,3.75,2.0,0.25,0.25,1.25,3.25,3.75,2.5,1.0,0.5,0.75,1.25,2.25,2.0,1.75,1.5,1.0,1.0,1.0,1.0,1.0,1.0,1.25,0.75,0.75,1.5,1.5,0.75,1.25,0.75,0.5,0.75,0.75,1.75
85,0.25,0.75,1.75,4.25,3.0,1.0,0.0,0.5,0.75,0.75,1.75,3.25,3.5,1.5,1.25,0.5,0.5,2.5,4.0,4.25,4.0,3.0,1.25,1.0,0.25,2.75,3.25,3.5,3.25,3.5,3.75,1.25,0.5,0.0,0.75,3.0,3.25,2.25,0.25,0.0,0.5,1.0,2.0,2.25,1.25,1.5,0.75,0.75,0.25,1.0,1.0,1.25,0.75,0.75,1.0,1.0,1.25,0.75,0.5,0.75,0.5,1.25,0.75,1.25
86,0.25,0.75,2.0,4.25,3.75,1.0,0.25,0.5,0.25,0.5,1.75,3.25,3.5,1.25,0.5,1.0,0.25,1.5,3.75,3.75,4.0,3.25,1.5,0.5,0.5,3.0,3.5,3.5,3.75,3.25,4.0,1.5,0.0,0.0,0.75,2.75,3.25,2.5,0.0,0.0,0.5,0.75,1.75,2.0,1.75,1.75,1.25,1.0,0.75,0.75,0.75,1.25,0.5,0.5,0.5,1.0,1.25,1.5,1.0,0.75,0.25,0.75,1.0,1.25
87,0.0,1.25,1.75,4.5,4.25,1.5,0.25,0.5,0.75,1.5,1.75,3.75,4.25,2.25,1.75,1.0,0.75,1.5,3.5,4.0,4.25,4.0,2.0,1.0,1.25,3.75,3.25,4.25,4.25,4.0,4.25,2.0,0.25,0.75,1.5,3.25,4.0,2.75,1.0,1.25,1.25,1.25,2.0,2.25,2.0,1.75,0.75,1.25,1.5,1.0,1.5,1.5,0.75,1.0,1.75,1.25,1.5,1.0,1.75,1.25,1.0,1.25,1.25,1.75
88,0.0,1.25,1.25,4.25,3.75,1.25,0.0,0.75,0.5,1.0,1.25,3.75,3.75,1.5,1.5,0.75,0.75,1.5,3.25,3.5,3.75,3.75,1.5,0.5,1.0,3.25,3.25,4.0,3.25,3.25,3.75,1.5,0.75,0.75,1.25,3.25,3.75,2.5,0.5,0.75,1.25,1.25,1.75,2.25,1.75,1.75,1.0,0.75,1.25,1.5,1.0,1.5,1.0,1.0,0.75,1.5,1.5,1.0,1.0,1.0,0.75,0.25,1.0,1.25
89,0.5,0.75,1.75,4.25,3.75,1.5,0.0,1.0,0.75,1.0,1.5,3.75,3.75,1.75,1.5,1.25,0.75,2.0,4.0,4.25,4.5,3.25,2.0,0.0,1.25,3.25,3.25,4.0,4.0,3.75,4.25,1.5,0.25,0.5,0.75,3.0,4.0,2.5,0.75,0.75,1.0,1.25,1.75,2.0,2.0,1.5,0.5,1.0,1.0,1.0,0.75,1.5,1.0,0.5,0.5,1.5,1.25,0.75,1.25,0.75,0.75,1.0,0.75,1.0
90,0.25,0.75,1.0,4.5,3.25,0.75,0.25,0.5,0.25,0.75,1.75,3.25,4.0,1.25,0.75,0.75,0.5,1.75,4.25,4.0,3.75,3.25,1.5,0.75,0.5,2.5,2.5,3.5,3.5,3.25,3.5,1.5,0.75,0.0,1.25,2.75,3.75,2.25,0.5,0.5,0.5,1.25,1.75,2.25,1.25,1.75,0.75,0.75,0.75,1.0,1.25,1.0,0.75,0.5,0.25,1.0,1.0,0.25,0.75,0.25,1.0,1.0,1.0,1.5
91,0.25,0.5,1.75,3.75,3.75,0.75,0.0,0.5,0.5,0.75,1.25,3.5,4.25,1.5,1.25,1.0,0.25,0.75,2.75,3.5,3.75,2.75,1.25,0.0,0.75,3.25,2.75,3.0,3.25,3.5,3.75,0.75,0.25,0.0,1.25,2.75,3.25,2.25,0.5,0.25,0.75,0.75,1.5,1.5,1.5,1.0,0.75,1.0,0.25,0.75,1.0,1.25,0.5,0.75,0.5,0.75,1.0,0.25,1.0,1.0,0.5,1.0,0.75,1.0
92,0.0,1.0,2.0,5.0,3.5,1.0,0.25,0.75,0.75,1.0,1.75,4.5,3.75,1.5,1.25,0.75,0.5,1.25,3.25,3.25,4.0,3.5,1.75,1.0,0.75,3.5,3.25,3.75,3.5,4.0,4.0,1.25,0.25,0.5,1.25,3.5,4.0,2.5,0.5,0.25,0.75,1.0,2.0,2.5,2.0,1.5,0.75,1.25,1.25,1.0,1.5,1.25,0.75,1.0,1.25,1.25,0.75,1.0,1.25,1.25,1.25,0.75,1.0,1.5
93,0.5,0.5,2.25,4.5,3.5,1.0,0.5,0.0,0.5,1.0,1.75,3.75,3.25,2.0,1.25,1.25,0.75,1.75,4.25,4.0,4.5,3.75,1.5,0.25,0.75,3.25,3.25,3.75,3.25,3.5,3.5,1.75,0.5,0.5,1.25,3.25,3.75,2.5,0.75,0.75,1.0,1.0,1.5,2.5,2.0,1.5,0.75,1.25,1.0,0.75,1.5,1.25,1.25,0.75,1.25,1.25,0.75,1.0,1.0,1.25,0.75,1.0,1.0,1.0
94,1.25,0.75,1.75,4.5,3.75,1.25,0.75,0.75,1.0,0.75,1.5,3.5,3.25,1.75,1.5,0.5,0.5,2.25,3.75,4.5,4.0,3.5,1.5,0.5,0.5,3.5,3.25,4.0,4.0,3.5,3.75,1.5,0.5,0.0,1.0,3.0,3.75,2.5,0.5,0.5,1.0,1.25,1.75,2.25,1.5,1.5,0.75,1.25,1.0,1.0,0.5,1.25,1.0,0.5,0.75,0.75,1.0,1.0,1.0,0.75,1.0,1.0,1.0,1.5
95,0.25,0.75,1.5,4.5,3.25,0.75,0.0,1.0,0.25,0.5,1.25,3.75,3.5,1.5,0.5,0.75,0.25,1.25,2.75,3.5,4.0,3.5,1.0,0.25,0.75,3.25,3.0,3.25,3.0,3.5,3.75,1.0,0.0,0.0,1.25,3.25,3.25,1.75,0.75,0.5,1.0,1.75,1.75,2.25,1.25,1.5,1.0,0.75,1.25,1.0,0.75,1.0,0.75,0.75,0.5,0.5,1.0,0.75,0.75,0.75,0.5,1.0,1.0,1.5
96,0.0,1.0,1.5,4.25,3.25,1.25,0.0,0.75,0.0,0.75,1.5,3.75,3.75,1.25,1.0,0.5,0.25,1.0,3.25,3.0,3.75,2.75,1.5,0.5,0.5,3.0,3.0,3.25,3.5,3.5,3.75,1.75,0.25,0.0,1.0,2.75,3.0,2.25,0.25,0.0,1.5,1.0,1.75,1.75,1.75,1.25,0.5,0.75,1.0,1.0,0.25,1.25,0.5,0.5,1.0,0.5,0.75,1.5,1.0,0.0,0.75,1.0,0.75,1.25
97,0.0,0.75,2.0,4.25,3.0,0.75,0.25,0.5,0.25,0.5,1.75,3.5,3.25,1.75,0.75,0.5,0.25,1.5,3.75,4.0,4.0,3.0,1.0,0.75,0.5,2.75,3.0,3.5,3.25,3.5,3.5,1.0,0.0,0.0,1.0,3.0,3.75,2.5,0.75,0.5,0.5,1.0,1.75,2.25,1.5,1.5,0.25,1.0,0.5,0.75,1.25,1.25,0.5,0.75,1.0,1.0,1.5,1.0,1.0,0.25,0.75,0.75,1.0,0.75
98,0.75,1.25,2.25,5.0,3.75,1.5,0.0,0.75,0.75,1.25,1.75,4.0,4.0,2.0,1.75,1.25,0.75,2.75,4.0,4.25,4.5,3.5,2.0,1.0,1.0,3.25,3.5,4.0,4.25,4.0,4.25,1.75,0.75,0.5,1.75,3.5,3.75,2.75,1.0,0.75,1.0,1.5,2.25,2.5,2.0,1.75,1.5,1.5,1.0,1.5,1.5,1.75,1.0,1.0,1.25,2.0,2.0,1.25,1.75,1.0,1.0,1.5,0.75,1.5
99,0.0,0.5,1.5,4.25,3.25,1.0,0.0,0.75,0.25,0.5,1.5,3.5,3.75,1.5,0.75,0.75,0.5,1.25,3.25,3.5,4.0,3.25,1.5,0.25,0.5,3.0,3.25,3.25,3.0,3.25,3.5,1.0,0.0,0.0,0.75,2.5,3.25,2.5,0.5,0.5,0.5,0.75,1.75,1.75,1.0,1.25,0.75,1.0,1.0,0.5,1.25,0.75,0.75,0.5,0.75,1.25,1.5,1.0,1.25,0.5,0.75,1.0,0.75,0.75
100,0.75,0.75,1.5,4.25,3.5,1.0,0.0,0.5,0.25,1.0,1.0,4.0,3.75,1.5,0.75,0.5,0.5,1.0,2.75,3.0,3.5,3.25,1.5,0.25,0.75,3.0,2.75,3.5,3.75,3.5,3.75,1.25,0.25,0.25,1.25,2.75,3.25,2.25,0.25,0.25,1.0,1.25,1.75,2.0,1.75,1.5,1.0,0.5,1.0,1.5,1.25,1.0,0.25,0.75,1.0,0.75,1.25,1.25,0.75,0.5,1.0,0.75,0.75,1.25
101,1.0,1.25,2.0,5.25,4.0,1.5,0.0,0.75,0.75,1.25,2.0,3.75,4.25,2.0,1.5,1.25,0.75,2.0,4.25,4.75,4.75,3.75,2.25,0.5,0.75,3.75,3.25,4.25,4.0,4.25,4.25,1.75,0.75,0.75,1.5,3.25,4.25,3.0,1.0,0.75,1.75,1.25,2.25,2.75,2.5,2.0,1.5,1.5,1.25,1.5,1.0,1.75,1.25,1.5,1.0,1.25,1.75,1.0,1.5,1.25,1.25,1.25,1.25,2.0
102,0.5,0.75,1.75,4.75,4.25,1.0,0.0,0.5,1.0,1.0,1.5,4.0,4.0,1.75,1.0,0.75,0.75,1.5,3.0,3.75,4.0,3.75,2.25,0.75,1.0,3.25,3.5,4.0,3.5,4.0,3.75,1.5,0.5,0.5,1.5,3.5,3.5,2.25,0.25,0.75,1.25,1.25,2.0,2.5,2.25,1.25,1.25,1.5,1.25,1.5,1.0,1.0,1.0,1.0,1.25,1.25,1.5,1.25,1.5,1.0,1.25,1.0,0.75,2.0
103,0.25,0.5,1.75,4.5,3.5,1.25,0.25,0.75,0.75,1.0,1.0,3.5,4.25,1.25,0.5,1.0,0.5,1.0,3.25,3.5,4.0,3.25,1.5,0.5,0.5,3.25,3.25,3.5,3.5,3.25,3.75,1.0,0.5,0.25,1.0,2.75,3.5,2.0,0.0,0.25,0.25,0.75,1.75,2.0,1.5,1.5,0.5,0.75,1.25,1.0,0.5,1.0,0.75,0.5,0.75,1.0,1.5,0.75,0.25,0.75,0.75,1.0,0.75,0.75
104,0.25,1.0,1.75,4.75,3.5,1.0,0.0,0.75,0.0,0.75,1.5,4.0,3.5,1.75,1.25,1.25,0.25,1.0,2.75,3.25,3.75,3.25,1.5,0.75,1.0,3.25,3.25,3.75,3.5,3.5,3.75,1.25,0.75,0.5,1.25,3.25,3.75,2.5,0.75,0.75,0.75,1.0,1.75,2.0,1.75,1.5,0.75,1.0,0.5,1.0,0.5,1.5,0.75,0.5,0.75,1.25,1.25,1.25,1.0,0.5,0.5,1.25,0.25,1.0
105,0.25,1.0,1.5,5.0,3.5,1.0,0.75,0.0,0.75,1.0,1.75,3.75,4.0,2.0,1.25,1.25,0.5,2.0,4.25,4.0,4.0,3.5,2.0,1.0,0.5,3.25,3.5,3.75,3.5,3.5,3.75,1.25,0.25,0.0,1.75,3.5,3.75,2.5,0.5,0.25,0.75,1.5,2.0,2.0,1.75,1.25,1.25,1.5,1.25,1.25,1.25,1.5,1.0,1.0,0.75,1.25,1.75,1.75,1.5,1.0,1.0,1.0,1.25,1.25
106,0.25,0.25,1.5,4.0,3.75,0.75,0.25,0.25,0.0,0.25,1.75,3.25,3.5,1.25,0.75,0.25,0.25,1.5,3.5,3.5,3.75,3.0,1.0,0.25,0.25,3.0,3.0,3.5,3.5,3.25,3.75,0.75,0.25,0.25,1.0,2.75,3.25,2.0,0.5,0.0,0.5,1.25,1.75,2.0,1.25,1.0,0.75,0.75,0.75,0.25,0.5,1.0,0.5,0.5,0.0,1.0,1.25,0.75,0.5,0.75,0.75,0.5,0.25,0.75
107,0.0,1.25,2.0,4.5,4.25,1.75,0.75,1.0,0.75,1.0,1.5,4.0,4.5,2.25,2.25,1.25,0.5,1.5,3.5,4.25,4.0,4.0,2.0,1.0,1.0,4.25,3.75,4.0,3.75,4.0,4.0,2.25,0.5,0.5,1.5,3.5,4.0,2.75,0.5,1.25,1.25,1.5,2.0,2.75,1.75,2.0,1.25,2.0,1.5,1.25,1.5,1.5,1.0,0.75,1.25,1.75,1.5,2.0,2.0,1.5,1.0,1.5,1.5,1.75
108,0.5,1.25,1.5,5.0,3.5,1.25,0.0,0.5,0.75,1.5,2.0,3.75,4.25,1.5,1.5,1.0,1.0,1.75,3.5,3.75,4.25,3.75,2.0,0.75,1.0,3.0,3.25,4.0,3.75,3.5,4.25,1.5,0.25,0.75,1.75,3.0,3.5,2.5,0.75,0.5,1.25,0.75,1.75,2.75,2.25,1.75,1.25,1.75,0.75,1.5,1.5,1.25,1.0,1.0,1.0,1.25,0.75,1.0,1.25,1.0,1.25,1.25,1.0,1.75
109,1.0,1.0,2.25,4.5,3.75,1.25,0.25,0.0,0.5,1.0,2.25,3.5,3.5,2.25,1.0,0.75,0.25,2.25,4.25,4.0,4.5,3.75,1.5,0.25,0.5,3.0,3.0,3.75,4.0,3.5,4.0,1.75,0.25,0.5,1.25,3.0,3.75,2.25,0.5,0.75,1.25,1.5,2.0,2.25,2.0,1.5,1.25,1.0,1.25,1.25,1.25,1.75,0.5,1.0,0.75,1.25,1.5,1.5,1.25,0.5,1.25,1.0,1.5,1.5
110,0.25,1.25,1.5,4.0,3.75,1.25,0.5,0.0,1.0,0.75,1.5,4.0,3.75,2.25,1.5,1.0,0.25,1.25,3.25,3.5,3.75,3.5,1.25,1.25,1.25,3.5,3.5,3.75,3.5,3.5,4.0,1.75,0.25,0.25,1.25,3.5,3.5,2.5,0.75,0.25,0.5,1.25,1.75,2.0,1.75,1.5,1.25,1.25,1.25,0.75,1.25,1.75,1.0,0.75,1.25,1.0,1.0,1.25,1.5,1.25,1.0,1.25,1.5,2.25
111,0.0,1.0,2.25,4.5,3.75,1.25,0.25,0.75,0.5,0.5,1.5,3.75,4.5,1.75,1.5,0.75,0.75,1.0,3.25,3.75,4.0,3.5,1.5,1.0,0.75,3.5,3.5,3.5,3.75,3.5,3.75,2.0,0.5,0.25,1.25,3.0,3.75,2.75,0.75,0.25,1.0,1.0,2.0,2.0,1.75,2.0,0.75,1.0,1.0,1.25,1.0,1.5,0.75,0.75,1.0,1.5,1.0,1.75,1.5,1.0,0.5,1.0,1.0,2.0
112,0.0,1.25,1.75,4.5,3.5,1.0,0.25,0.75,0.75,0.5,1.5,4.0,4.25,1.5,1.0,1.0,0.75,1.0,3.0,3.25,4.0,3.5,1.5,0.5,0.75,3.5,3.5,3.75,3.75,3.75,3.5,1.25,0.25,0.5,1.0,3.25,3.75,2.5,1.0,0.75,1.25,1.0,2.0,2.25,2.0,1.5,0.75,1.25,1.25,1.0,1.5,1.25,0.75,0.75,1.0,1.25,1.0,1.0,1.75,1.0,0.5,1.25,1.25,1.0
113,0.0,1.0,1.75,4.5,3.5,1.0,0.0,0.5,0.5,1.25,1.75,3.25,3.75,1.5,1.5,0.5,0.0,2.0,4.0,4.5,4.25,3.5,1.5,0.75,0.75,3.5,3.25,4.0,3.75,3.5,3.75,1.75,0.5,0.25,1.5,3.0,3.5,2.25,0.75,0.0,1.25,1.5,2.25,2.5,2.0,1.5,1.0,1.25,1.0,1.5,0.75,1.0,1.0,0.25,1.0,0.75,1.0,1.25,1.25,0.75,1.25,1.25,0.75,1.25
114,0.5,0.75,1.5,4.75,4.0,1.25,0.0,1.0,0.25,0.75,2.0,3.75,3.75,1.25,0.75,0.5,0.25,1.5,3.75,3.75,4.25,3.25,1.25,0.0,0.5,3.0,2.75,3.75,3.25,3.25,3.5,1.5,0.0,0.25,1.25,3.0,3.25,2.25,0.25,0.25,0.75,1.0,1.75,2.25,1.75,1.5,1.0,0.25,0.75,0.75,0.75,1.0,0.5,1.0,0.75,1.5,1.0,0.75,1.0,0.75,0.5,1.0,0.5,1.25
115,0.25,0.5,1.75,4.5,3.75,1.0,0.0,0.5,0.5,0.75,1.25,4.25,4.0,1.5,1.25,1.0,0.5,1.0,3.5,3.75,4.25,3.25,1.75,0.5,0.75,3.75,3.25,3.75,3.5,3.5,4.0,1.0,0.5,0.5,1.5,3.0,3.5,2.5,0.5,0.5,0.5,1.0,2.25,2.25,1.5,1.5,1.5,1.75,0.75,1.25,1.0,1.5,1.0,1.25,0.75,1.25,1.25,1.5,1.0,0.5,0.5,1.5,1.25,2.25
116,0.25,0.25,1.25,4.0,3.25,0.75,0.0,0.0,0.0,1.0,1.25,3.75,3.25,1.5,0.5,0.0,0.75,0.5,2.75,3.0,3.25,2.75,1.25,0.0,0.5,3.0,2.75,3.5,3.25,3.0,3.5,0.75,0.25,0.0,0.75,2.75,3.25,1.5,0.5,0.25,0.0,0.5,1.5,2.0,1.5,1.0,0.5,0.75,0.5,0.0,1.0,0.75,0.0,0.0,0.25,0.75,1.5,1.25,1.0,0.25,0.25,0.5,0.5,1.0
117,0.5,1.25,2.0,4.75,3.0,1.25,0.25,0.5,1.0,0.75,1.75,3.75,3.5,1.75,1.5,0.75,0.75,2.0,4.0,4.5,4.0,3.75,1.75,1.0,0.75,3.25,3.5,4.0,4.0,3.75,3.75,1.0,0.25,0.5,1.5,3.25,4.0,2.5,0.75,0.0,1.25,0.75,1.75,2.0,1.5,1.75,0.75,1.0,1.25,1.25,1.0,1.5,1.0,0.75,0.75,1.0,1.5,1.0,1.25,1.0,0.75,0.5,1.0,1.0
118,0.25,0.5,2.0,4.5,3.25,0.75,0.25,1.25,0.75,1.0,1.75,3.25,3.5,2.0,1.5,0.75,0.75,1.5,3.75,4.0,4.25,3.25,1.5,1.25,1.0,3.5,3.5,4.0,3.75,3.75,3.5,1.25,0.25,0.5,1.25,3.5,3.75,2.75,0.75,0.0,1.0,0.75,1.75,2.25,2.0,1.0,1.5,0.75,1.0,0.75,1.0,1.5,0.5,0.5,1.0,1.25,1.25,1.5,1.25,0.75,0.5,1.5,1.5,1.5
119,1.0,0.75,1.5,5.0,3.25,1.25,0.25,0.75,0.0,0.75,1.75,4.0,4.0,1.75,1.25,0.75,1.0,0.75,3.0,3.75,4.0,3.5,1.75,0.25,0.75,3.75,3.5,3.75,3.5,3.75,4.0,1.5,0.5,0.25,1.25,3.25,3.75,2.25,0.75,0.5,1.0,1.0,2.0,2.0,2.0,1.5,0.75,1.25,0.75,1.25,1.0,1.25,0.75,1.0,1.25,1.75,1.0,1.5,1.5,0.75,1.0,0.75,1.5,1.25
120,0.0,2.0,1.75,5.5,3.5,1.25,0.5,0.5,0.75,1.25,1.5,4.25,4.0,1.75,1.5,1.0,1.0,1.0,3.75,4.0,4.25,3.5,1.75,1.0,1.25,3.5,3.25,4.0,3.75,4.0,4.0,2.0,0.5,1.0,2.0,3.25,4.0,2.5,0.5,0.75,1.0,1.5,2.0,2.0,2.0,1.5,1.5,1.0,1.0,1.5,1.5,1.5,1.25,0.75,1.5,1.25,1.5,0.5,1.75,1.5,1.5,1.25,1.25,1.5
121,0.0,0.75,1.25,4.5,3.0,0.75,0.25,0.0,0.5,0.75,1.75,3.0,3.25,1.5,1.5,0.5,0.25,1.25,3.5,3.75,4.0,3.25,1.25,0.75,0.75,2.75,3.0,4.0,3.75,3.5,3.75,1.25,0.0,0.25,0.75,3.0,3.25,2.0,0.5,0.5,0.5,1.25,1.25,1.75,1.5,1.0,1.0,1.0,1.0,1.0,0.75,1.25,0.75,0.5,0.75,1.25,1.0,1.0,1.0,0.75,0.75,0.75,1.25,1.5
122,0.0,1.0,1.75,4.75,3.25,1.25,0.0,1.0,1.0,1.0,2.0,3.5,3.75,2.0,1.0,0.5,0.25,1.5,3.75,4.0,3.75,3.5,1.25,0.75,0.75,3.25,3.0,3.5,3.5,3.5,3.75,1.5,0.25,0.25,1.0,3.0,3.5,2.5,0.5,0.5,0.75,1.25,2.0,2.0,1.25,1.0,1.0,1.0,1.0,0.75,1.0,1.75,0.75,1.25,1.0,1.25,1.5,1.25,1.0,0.5,0.5,1.25,1.0,1.5
123,1.0,0.75,1.5,4.75,4.0,1.25,0.0,0.75,0.75,1.0,1.75,4.25,4.5,1.5,1.25,1.5,0.5,1.5,3.25,4.0,4.0,3.75,1.75,0.75,1.5,3.5,3.25,3.75,4.0,3.75,4.0,1.5,0.5,0.75,1.5,3.25,3.75,2.75,0.75,0.75,1.0,1.5,2.0,2.25,2.0,1.5,1.25,1.25,1.25,1.0,1.25,1.75,0.75,1.25,1.25,1.5,1.0,1.25,1.75,1.0,1.25,1.0,1.25,1.75
124,0.5,1.0,1.75,4.5,3.5,1.25,0.0,0.25,0.25,1.0,1.75,4.0,3.75,1.5,1.0,0.25,0.0,0.75,2.75,3.0,4.0,3.5,1.75,0.5,0.5,3.0,2.75,3.75,3.5,3.5,3.75,1.25,0.25,0.25,1.25,3.0,3.25,2.25,0.5,0.5,0.75,0.75,1.75,2.5,1.25,1.5,0.5,0.75,1.0,0.5,0.5,0.75,0.75,0.75,1.0,1.0,1.0,1.0,1.25,0.5,1.0,0.75,1.0,1.75
125,0.5,1.25,2.0,5.0,3.5,1.25,0.0,0.75,1.0,1.75,1.75,3.75,3.5,2.0,1.25,1.25,0.75,2.25,3.5,4.5,4.25,3.75,2.0,0.5,0.75,3.5,3.5,4.0,4.0,3.75,3.5,1.5,0.25,0.0,1.75,3.25,4.25,2.75,0.5,0.5,1.0,1.25,2.0,2.0,1.75,2.0,1.0,1.0,1.25,1.0,1.5,2.0,1.25,1.0,1.0,1.25,2.0,1.0,1.5,1.0,1.0,0.75,1.0,2.5
126,0.5,0.75,2.0,4.75,3.75,1.25,0.25,0.75,0.75,1.0,1.5,3.75,3.75,1.5,1.75,0.75,0.75,1.75,3.75,4.25,4.25,3.5,1.5,0.0,0.75,3.5,3.5,3.75,4.25,3.75,3.5,1.25,0.0,0.0,1.25,3.25,3.5,2.25,0.75,0.5,1.0,1.0,2.0,2.0,2.0,2.0,1.0,1.25,1.25,0.75,1.0,1.5,1.0,1.25,0.5,1.0,1.25,1.0,1.0,0.5,1.0,0.5,1.5,1.5
127,0.0,0.5,1.5,4.75,3.5,0.75,0.25,0.25,0.5,0.75,1.25,3.75,3.5,1.5,0.75,0.5,0.75,1.25,3.5,3.75,3.75,3.25,1.5,0.75,1.25,2.75,3.25,3.25,3.5,3.25,4.0,1.5,0.0,0.0,1.25,2.75,3.25,2.25,0.25,0.25,0.5,1.0,1.5,2.0,2.0,1.25,0.75,1.25,0.25,0.75,0.5,0.75,0.5,0.5,0.25,1.25,1.0,0.75,1.25,0.75,1.0,0.75,0.75,1.25
128,0.25,0.75,1.75,4.25,3.0,1.0,0.0,0.5,0.75,0.5,1.25,3.75,3.5,1.25,0.75,0.5,0.0,1.0,2.75,3.5,4.0,3.0,1.5,0.25,0.5,2.75,2.75,3.5,3.0,3.5,4.0,1.25,0.25,0.0,0.75,2.75,3.25,1.75,0.5,0.0,0.5,1.25,1.0,1.5,1.5,1.75,0.75,1.0,1.0,0.5,0.75,0.75,0.75,0.25,1.0,1.0,1.5,0.75,1.75,0.25,0.75,0.75,1.0,1.0
129,0.75,0.5,1.75,4.5,3.5,1.0,0.25,1.0,0.25,0.75,1.75,3.25,3.25,1.75,1.5,0.5,0.0,2.25,3.5,4.25,4.25,3.25,1.5,0.5,0.75,3.0,3.25,4.0,3.75,3.25,3.25,1.0,0.5,0.0,1.0,3.0,3.75,2.5,0.75,0.0,1.0,1.0,1.75,2.0,1.5,1.75,1.0,1.25,1.25,1.25,1.0,1.5,0.5,0.5,1.25,1.25,1.5,1.25,1.25,1.0,1.25,0.5,1.25,1.25
130,1.0,0.5,1.75,5.0,3.5,1.5,0.25,1.0,0.75,0.75,1.75,3.25,3.75,1.75,1.0,0.75,0.5,1.75,3.5,4.0,4.0,3.25,1.75,0.25,0.5,3.0,2.75,3.5,3.5,3.5,3.75,1.75,0.0,0.0,1.0,3.0,3.5,2.5,0.75,0.5,1.0,1.25,2.0,2.0,1.75,1.75,1.0,1.75,1.25,0.75,0.75,1.0,0.75,0.75,1.0,1.25,1.75,1.25,1.0,1.0,0.75,1.0,0.75,1.25
131,0.5,1.0,2.25,4.25,3.75,1.0,0.5,0.25,0.5,1.25,1.5,4.0,4.0,1.75,1.75,1.0,0.25,1.0,3.5,3.5,4.0,3.5,1.25,0.25,0.5,3.5,3.0,3.75,3.75,3.75,3.75,1.0,0.0,0.25,1.25,3.25,4.0,2.25,0.5,0.5,0.75,1.5,1.75,2.0,2.0,1.5,1.25,1.0,0.75,0.5,0.75,0.75,1.0,0.75,0.75,1.0,1.5,1.0,0.75,0.75,1.0,1.0,1.25,0.75
132,0.0,1.25,1.5,4.75,3.5,1.5,0.25,1.0,0.25,0.5,2.0,4.0,4.0,1.25,1.5,1.25,1.0,1.0,3.0,3.5,4.0,3.0,1.75,0.75,0.5,3.5,3.5,3.5,3.75,3.5,3.5,1.25,0.0,0.5,1.5,3.0,3.5,2.5,0.5,0.75,1.0,1.0,1.5,1.75,1.5,1.25,0.75,0.5,0.5,0.75,0.75,1.25,0.75,1.0,1.0,1.0,1.25,0.25,1.25,0.25,1.25,0.25,1.0,0.5
133,0.0,0.5,1.5,5.0,3.5,1.0,0.25,0.5,0.25,0.5,1.25,4.25,3.75,2.0,1.0,1.0,0.25,0.75,2.75,3.75,4.25,3.5,1.75,0.5,0.5,3.5,3.0,3.5,3.75,3.5,3.5,1.25,0.25,0.5,1.25,3.0,3.5,2.75,0.25,1.0,1.25,0.75,2.0,2.0,1.75,1.5,0.75,1.0,1.25,0.5,1.25,1.25,0.0,0.25,1.0,1.25,1.75,1.0,1.25,0.75,0.75,1.0,1.0,1.25
134,1.5,2.5,2.75,5.75,4.75,2.25,1.5,2.0,2.25,2.0,2.75,5.0,5.0,2.75,2.25,2.5,1.75,2.0,4.0,5.0,5.25,4.5,3.25,2.25,0.0,5.0,3.5,5.25,4.25,4.5,3.25,3.25,2.0,2.0,2.75,4.75,5.0,4.0,1.5,1.75,2.0,2.25,2.75,3.5,3.0,2.0,2.0,2.25,2.5,2.25,2.0,3.0,2.0,2.0,2.25,2.5,2.75,2.25,2.75,2.25,2.25,2.0,2.25,3.0
135,0.0,1.0,1.75,5.0,3.5,1.5,0.5,1.0,1.0,0.0,1.5,4.0,3.75,2.0,1.5,1.5,0.25,1.0,3.25,3.75,3.75,3.75,3.75,1.5,0.75,3.75,3.75,4.0,3.75,3.25,2.25,1.0,0.5,0.25,1.25,3.25,3.75,2.25,0.25,0.5,0.75,1.0,2.0,2.5,1.75,1.75,1.25,1.25,1.0,1.0,1.25,1.0,0.75,0.75,1.25,1.5,1.5,1.0,1.25,1.0,1.0,0.75,1.25,1.25
136,0.0,0.75,2.0,4.5,3.5,1.25,0.5,0.5,0.25,1.0,1.5,4.5,4.0,2.5,1.75,1.0,0.25,1.0,3.0,4.25,4.25,4.25,3.75,2.25,0.75,3.5,3.5,4.0,3.75,3.5,1.25,0.5,0.5,0.5,1.5,3.0,3.75,2.0,0.25,0.5,1.0,1.25,2.0,2.25,2.25,1.5,1.0,1.25,1.0,1.25,1.0,1.5,0.75,0.75,0.75,1.75,1.0,1.0,1.0,0.75,1.0,1.25,0.5,1.5
137,0.0,0.5,2.0,4.75,3.75,1.25,0.75,1.25,0.75,1.0,2.0,4.5,4.5,3.5,2.25,1.25,1.0,1.25,3.5,4.0,3.5,4.0,4.0,1.75,0.75,4.0,3.5,4.25,3.75,3.25,1.75,0.75,0.75,1.25,1.75,3.5,4.0,2.75,0.5,1.0,1.0,1.25,2.0,2.25,2.25,2.0,1.75,1.75,1.0,1.25,1.0,1.5,1.0,1.0,0.75,2.0,2.0,1.25,1.25,1.5,1.25,1.25,0.5,1.25
138,0.0,1.25,2.5,5.25,4.0,1.75,0.75,1.0,0.75,1.75,2.0,4.75,4.0,2.0,2.25,1.25,1.0,0.75,3.25,4.25,3.75,4.25,4.5,2.0,1.25,4.75,4.0,4.5,4.0,3.75,2.75,1.5,1.0,1.25,2.0,3.75,4.25,2.75,1.0,0.5,2.0,1.0,2.0,2.5,2.25,1.75,1.75,1.75,1.5,1.25,1.5,1.75,1.25,1.25,1.5,1.75,1.5,2.0,1.5,1.5,1.0,1.25,1.25,2.5
139,0.0,0.75,1.5,4.5,3.75,1.0,0.5,0.0,0.5,0.5,1.25,4.25,3.5,1.5,1.25,0.75,0.25,0.25,2.75,4.0,4.25,3.5,4.0,1.25,0.75,3.75,3.5,3.75,3.25,3.0,2.0,1.0,0.25,0.5,1.5,2.75,3.25,2.25,0.5,0.5,1.25,1.25,1.75,1.75,1.25,0.75,0.75,1.0,0.75,0.75,1.0,1.25,0.75,0.75,1.25,1.25,1.25,1.0,1.25,0.75,0.75,1.25,1.0,1.5
140,0.5,0.75,1.25,4.25,3.5,1.0,0.0,0.0,0.5,0.25,1.0,3.25,4.0,2.0,1.5,0.75,0.0,0.25,2.75,3.5,4.0,3.25,3.5,0.75,0.25,4.0,3.0,3.5,3.25,3.0,1.5,0.75,0.25,0.25,0.75,3.0,2.5,2.5,0.0,0.0,0.5,1.0,1.25,2.25,1.25,1.5,0.75,0.75,0.75,0.75,0.25,1.25,0.75,0.5,1.0,0.75,0.75,1.5,1.0,0.75,0.5,1.0,1.0,1.5
141,0.25,1.0,1.75,4.75,3.5,1.25,0.75,0.75,1.0,1.0,2.0,4.25,4.0,2.5,1.75,1.0,0.25,0.75,3.25,4.0,4.0,4.0,4.5,1.5,0.25,4.0,3.5,3.75,3.5,3.25,1.75,1.25,0.75,0.5,1.5,3.0,3.25,2.75,0.5,0.0,0.75,1.0,1.5,2.0,1.75,1.75,1.5,1.5,1.0,0.75,1.0,1.5,1.25,1.0,0.75,1.0,1.25,1.25,1.25,1.25,1.0,1.25,1.5,1.75
142,0.75,1.0,1.5,5.0,4.0,1.5,0.75,1.0,0.5,1.0,1.75,4.25,3.75,2.25,1.5,1.0,1.0,0.5,3.25,4.25,3.5,3.75,3.75,1.75,0.75,3.75,3.75,3.75,3.75,3.25,2.0,1.25,0.75,0.75,1.25,3.25,3.5,2.75,0.25,0.0,1.25,1.5,1.75,2.5,2.0,1.75,1.25,1.25,1.25,1.25,1.5,1.5,1.25,1.0,1.0,1.25,1.5,1.0,1.5,1.25,1.25,1.0,1.5,1.0
143,0.0,1.0,1.75,4.5,3.75,1.5,0.25,0.75,0.5,1.0,1.75,4.5,3.75,2.0,1.75,1.0,0.75,0.75,3.25,4.0,4.0,3.75,3.5,1.0,1.0,4.0,3.5,3.5,3.5,2.75,2.0,1.0,0.75,0.75,1.5,2.75,3.75,2.75,0.25,0.25,0.5,1.25,1.5,2.5,1.5,1.5,1.0,1.5,0.75,1.25,1.25,1.25,0.25,0.5,0.5,1.25,2.0,1.25,1.5,1.0,0.75,1.25,1.25,1.0
144,0.0,0.75,1.75,4.5,4.0,1.0,0.5,0.75,0.75,0.75,1.75,3.75,4.25,2.25,1.25,0.75,0.5,0.75,3.0,3.75,4.0,4.0,4.25,1.75,0.5,3.75,3.5,3.5,3.5,3.0,1.5,1.0,0.75,0.5,1.0,3.0,3.75,2.25,0.5,0.75,1.0,1.0,1.5,2.25,1.5,1.25,1.0,1.0,1.25,1.5,1.0,1.5,1.0,1.0,1.0,0.75,1.75,1.5,1.5,0.5,1.25,0.75,1.0,1.25
145,0.0,0.75,1.5,4.75,3.75,1.0,0.0,0.75,0.5,0.5,1.25,4.0,3.25,2.5,1.25,1.0,0.25,0.5,3.0,3.75,4.0,4.0,3.5,1.5,0.5,4.0,3.5,4.0,3.5,3.25,2.0,1.25,0.75,1.0,1.0,3.25,3.25,2.5,0.5,0.25,1.0,1.25,2.0,2.0,1.5,1.75,1.0,1.5,1.25,0.75,1.25,1.25,1.0,0.5,0.75,1.25,1.5,0.75,1.25,1.25,1.0,0.75,1.75,1.25
146,0.25,0.5,1.25,4.75,3.0,0.75,0.5,0.25,0.75,0.5,1.0,4.25,3.5,1.0,1.5,0.5,0.5,0.75,3.25,3.75,3.5,3.5,3.0,1.5,0.5,3.75,3.5,3.5,3.25,3.0,1.5,0.75,0.25,0.25,1.25,3.25,3.25,2.25,0.0,0.25,0.5,1.0,1.25,1.5,1.5,1.0,0.5,1.25,0.75,0.75,1.0,1.25,0.5,0.25,0.75,1.0,1.25,0.5,1.0,1.0,0.75,0.75,1.0,1.5
147,0.0,1.0,1.5,4.25,3.5,0.75,0.25,0.5,0.5,0.5,1.25,4.0,3.75,1.25,1.0,1.0,0.25,0.5,3.0,3.75,3.25,3.25,3.5,0.5,0.5,3.5,3.5,3.5,3.0,3.0,2.0,1.0,0.25,0.5,1.25,3.25,3.25,2.25,0.0,0.0,0.5,1.0,1.5,2.0,1.5,1.5,0.25,1.5,0.5,0.75,1.0,1.0,0.5,1.0,0.25,1.25,1.25,0.5,0.75,0.25,0.75,1.0,1.0,1.0
148,0.0,0.5,1.75,4.0,3.5,1.25,0.0,0.75,0.25,0.5,1.0,4.25,4.0,2.5,1.0,1.25,0.75,0.25,3.0,3.5,3.75,3.5,3.75,1.5,0.5,3.75,3.25,4.0,3.25,3.0,1.5,1.0,0.25,0.0,1.0,3.0,3.25,2.5,0.25,0.25,0.75,0.75,1.25,2.0,1.75,1.0,1.0,0.75,0.5,0.75,1.0,1.0,0.5,0.75,1.0,1.25,1.75,0.5,0.75,0.25,0.75,1.0,1.25,1.5
149,0.0,0.5,1.5,4.0,4.25,1.25,0.0,1.0,1.25,1.25,1.75,4.0,3.75,2.5,1.5,1.5,0.25,0.5,3.25,4.0,4.25,3.75,3.75,1.25,0.5,3.5,3.75,4.0,3.25,3.25,2.25,1.0,0.5,0.5,1.0,3.0,3.5,2.25,0.0,0.25,0.5,1.0,1.75,2.25,1.5,1.25,1.25,1.25,1.5,1.0,0.75,1.25,1.0,0.75,1.0,1.0,1.5,0.75,1.0,0.75,1.25,1.25,1.0,1.5
150,0.5,0.75,1.75,4.5,3.75,1.0,0.25,0.75,0.5,0.75,1.25,4.25,4.0,1.5,1.25,0.5,0.0,0.75,3.25,3.75,3.75,3.5,3.75,1.5,0.75,3.5,3.5,3.25,3.5,3.25,2.0,0.75,0.0,0.75,1.0,3.0,3.5,2.5,0.0,0.75,0.75,0.75,1.75,2.5,2.25,1.25,1.25,0.5,1.0,1.0,1.25,1.25,1.0,0.75,0.5,1.5,1.5,1.25,1.0,0.75,0.75,0.75,1.0,1.25
151,0.5,0.75,1.75,4.25,3.5,0.75,1.0,0.25,0.25,1.0,1.25,4.0,3.5,1.75,1.25,0.75,0.0,0.5,2.75,4.0,3.25,3.5,3.0,1.0,0.25,3.5,3.5,3.25,3.5,2.75,2.0,0.75,0.5,0.5,1.25,3.0,3.25,2.0,0.0,0.25,0.75,0.5,1.75,2.0,1.75,1.0,0.5,0.75,1.0,1.25,1.0,1.0,0.25,1.0,0.75,0.75,1.5,1.0,1.0,0.5,0.5,0.75,0.75,1.25
152,0.5,0.75,1.5,4.0,3.75,1.5,0.25,0.5,0.75,0.75,1.5,3.75,3.75,2.5,1.5,1.25,0.75,0.75,3.0,3.5,4.25,3.75,3.5,1.25,1.0,3.75,3.5,3.75,3.0,3.25,2.0,0.75,0.5,0.5,1.25,2.75,3.25,2.0,0.25,0.0,0.75,1.25,1.5,1.75,1.25,1.5,1.0,1.5,1.25,0.5,0.75,1.25,0.5,1.0,1.0,1.75,1.75,1.25,1.5,0.75,1.25,0.75,1.0,1.75
153,0.25,0.5,1.5,4.0,3.75,0.75,0.25,0.0,0.5,1.0,1.25,4.0,4.25,2.5,1.0,0.75,0.5,0.25,2.5,3.5,3.75,3.5,3.75,0.75,0.25,3.5,3.0,3.5,2.75,2.5,1.5,0.75,0.0,0.75,1.25,3.0,3.25,1.75,0.0,0.0,0.75,0.75,1.5,1.75,1.0,1.5,0.25,1.0,0.75,1.25,0.75,1.0,0.75,0.5,0.5,2.0,1.5,0.75,1.0,0.75,0.5,0.5,1.0,1.0
154,0.0,1.0,1.75,4.5,3.75,0.75,0.25,0.25,0.25,0.25,1.5,4.0,4.0,1.5,1.25,0.5,0.75,0.5,3.25,3.5,3.75,3.5,3.25,1.0,0.5,3.75,3.5,3.75,3.5,3.25,2.25,0.75,0.0,0.75,1.25,2.75,3.5,2.0,0.25,0.25,1.0,1.0,1.5,2.0,1.5,1.25,0.75,1.0,1.25,0.75,1.0,1.75,1.0,0.5,0.75,1.5,1.25,0.75,1.0,1.25,0.75,1.0,0.5,1.25
155,0.75,1.0,1.75,4.5,4.0,1.0,0.0,0.75,0.75,1.5,1.75,4.0,4.0,1.75,1.25,0.75,1.0,0.75,3.0,4.0,4.0,3.25,3.5,1.5,0.5,4.0,4.0,3.75,3.5,3.5,2.25,1.5,0.5,1.0,1.5,3.25,3.25,2.0,0.5,0.75,0.75,1.0,2.0,2.5,2.0,1.75,1.0,0.75,1.0,1.0,1.25,1.25,1.0,1.0,1.0,1.75,2.25,1.5,2.0,1.25,1.0,1.0,1.75,2.0
156,0.25,1.0,1.75,4.25,4.0,1.25,0.25,0.75,0.5,0.5,0.75,3.25,4.25,1.25,1.0,1.0,0.5,0.0,2.75,4.0,3.25,3.25,3.0,1.25,0.75,4.0,3.5,3.75,3.25,3.0,2.25,1.0,0.25,0.0,1.0,3.0,3.25,1.75,0.0,0.25,1.0,0.75,1.5,2.25,1.75,1.25,1.0,1.0,1.25,1.25,1.0,1.25,0.5,0.5,1.0,0.5,1.0,1.5,1.5,0.25,0.25,1.0,1.0,1.0
157,0.5,0.25,1.25,3.5,4.5,1.25,0.0,0.5,0.5,1.0,1.5,3.0,4.5,1.5,1.25,0.75,0.0,0.25,2.5,3.5,3.5,3.75,2.75,1.25,0.25,3.5,3.5,3.75,3.25,3.25,2.25,1.25,0.25,0.25,1.0,3.0,3.25,2.75,0.5,0.25,0.5,0.5,1.75,1.75,1.5,1.5,0.75,0.75,1.0,1.25,0.5,0.75,0.25,1.25,0.75,1.0,0.75,1.0,0.75,1.5,1.5,1.25,1.0,1.5
158,0.0,1.0,1.75,3.0,5.0,1.75,0.5,1.0,1.25,0.5,1.25,2.5,5.0,1.75,1.75,1.25,1.0,0.0,2.75,4.25,3.25,3.5,3.25,1.25,0.75,3.25,3.75,3.75,3.75,3.75,3.0,2.25,0.25,0.0,0.75,3.0,3.5,2.75,0.5,0.25,1.5,0.75,1.75,2.25,1.25,1.5,1.0,1.5,1.5,1.5,0.75,1.5,0.5,1.25,1.0,1.25,2.25,1.0,1.0,1.0,1.25,1.0,1.25,2.0
159,1.25,0.75,1.75,2.0,5.0,2.75,0.75,0.75,0.5,1.0,1.25,1.75,5.0,2.75,1.5,1.25,0.75,0.5,2.25,3.75,3.75,3.75,3.5,1.25,0.0,2.25,3.75,3.75,4.0,3.5,3.25,3.0,0.25,0.25,1.25,2.5,4.0,3.0,1.0,0.5,1.25,0.75,1.5,2.0,1.75,2.0,1.75,1.5,1.25,1.0,1.0,1.25,1.0,0.75,1.5,1.75,1.25,1.25,1.75,0.75,1.25,1.0,1.0,1.75
160,1.0,0.5,1.5,1.25,4.75,3.75,0.75,1.25,1.0,0.5,1.75,1.5,4.25,3.0,2.0,0.75,0.0,0.75,2.25,3.25,4.0,3.75,3.0,1.75,0.5,1.0,3.75,3.5,3.5,3.75,3.5,3.5,0.5,0.25,0.75,2.75,3.75,3.0,1.0,0.25,1.25,1.25,2.25,2.0,2.0,1.75,1.0,1.75,1.0,0.75,1.25,1.25,0.5,1.0,0.75,1.5,1.5,0.75,1.75,1.0,1.25,1.0,1.5,1.5
161,0.75,1.25,1.5,1.0,4.0,4.25,1.0,0.5,0.25,1.0,1.25,1.25,4.25,4.5,2.0,1.5,0.5,0.0,1.75,4.25,4.25,4.0,4.5,2.5,0.0,1.5,4.25,4.0,4.0,4.0,3.25,3.5,0.0,0.5,0.75,2.75,3.5,3.25,1.25,0.75,1.25,1.0,2.0,2.0,1.75,1.75,2.0,1.75,1.5,1.25,1.25,1.25,1.0,1.25,1.25,1.25,2.25,1.5,1.5,1.25,1.0,1.25,1.5,1.75
162,1.0,1.25,1.5,1.25,4.0,4.5,1.0,1.0,0.75,0.75,0.75,1.75,4.25,4.5,2.25,1.25,0.5,0.5,2.25,3.5,4.25,4.0,4.25,2.5,0.5,1.0,3.75,3.75,4.25,3.5,3.0,3.5,0.75,0.0,0.75,2.75,4.0,3.25,1.0,1.25,0.75,1.25,2.25,2.25,1.5,1.75,1.5,1.5,1.5,1.25,1.5,1.5,1.0,0.75,1.25,1.75,2.0,1.0,1.75,1.5,1.0,1.5,1.75,1.75
163,0.5,0.75,1.5,1.0,4.75,3.75,0.75,1.0,0.75,0.5,1.0,1.5,4.5,3.5,1.5,1.0,0.0,0.5,2.25,3.75,4.0,3.5,3.25,1.5,0.25,1.5,3.25,4.0,3.75,3.5,3.75,3.5,0.25,0.25,1.0,2.75,3.25,2.75,1.25,1.0,0.75,0.5,1.75,2.0,1.75,1.75,1.5,2.0,1.25,1.5,1.0,1.25,0.75,0.75,0.75,1.5,1.75,1.0,1.5,1.25,0.75,1.0,1.5,1.25
164,0.25,1.25,1.25,1.25,4.75,3.75,0.75,0.75,0.5,0.75,1.0,1.5,4.75,3.5,2.0,1.5,0.0,0.0,2.25,3.75,4.25,3.75,3.5,1.75,0.25,1.75,3.75,4.0,3.25,4.0,3.25,3.5,0.25,0.75,0.75,2.75,3.75,3.25,1.0,0.25,0.75,1.0,1.75,2.0,1.5,1.75,1.0,1.25,0.75,1.25,1.0,1.0,1.0,1.25,1.0,1.25,1.75,1.0,1.25,1.25,1.0,1.25,0.75,1.25
165,0.25,1.0,1.5,1.25,4.75,3.25,0.75,0.25,0.25,1.0,1.25,1.5,4.25,4.25,1.75,1.25,0.0,0.25,2.0,3.75,3.5,3.75,4.0,2.25,0.25,1.75,3.5,3.5,3.75,3.5,2.75,2.5,0.0,0.0,0.5,2.75,3.5,3.0,0.5,0.5,0.5,1.0,1.5,2.0,1.5,1.75,0.75,1.5,1.0,1.0,1.0,0.75,0.5,0.5,0.75,2.0,1.75,1.25,1.75,1.25,1.25,0.75,1.25,1.75
166,0.75,0.5,1.25,0.75,4.25,3.5,0.25,0.5,0.75,1.0,1.0,1.75,4.5,3.5,1.75,1.25,0.0,0.0,2.0,3.75,3.5,3.75,4.0,2.5,0.25,1.0,3.5,3.75,3.25,3.5,2.75,2.75,0.75,0.0,1.0,2.5,3.5,3.0,0.5,0.5,1.0,0.5,1.75,1.75,1.5,2.0,1.25,1.25,1.0,1.0,1.25,1.25,1.0,0.25,1.0,1.0,1.75,1.25,1.25,0.75,1.0,0.5,1.0,1.5
167,1.25,0.5,2.0,1.25,4.75,3.5,0.75,1.0,0.75,0.75,1.25,2.0,5.0,3.5,1.75,1.5,0.25,0.5,2.75,4.0,4.25,3.75,3.5,2.25,0.75,1.75,3.75,3.5,4.0,4.0,3.0,2.75,0.5,0.0,0.75,3.0,3.5,3.25,1.0,1.0,1.0,1.0,1.75,2.25,1.75,2.0,1.0,2.0,1.0,1.25,1.0,1.25,1.0,1.0,1.5,1.5,1.25,1.5,1.5,1.25,1.0,1.5,1.5,1.5
168,0.0,1.0,1.25,1.0,4.25,3.25,0.0,1.25,0.5,1.0,1.5,1.0,4.0,3.75,1.5,1.0,0.5,0.0,2.25,3.0,3.25,3.25,3.0,2.0,0.25,1.25,3.5,3.5,3.5,3.75,3.0,3.0,0.25,0.0,0.5,2.25,3.25,3.25,0.5,0.25,0.75,0.75,1.25,1.75,1.25,1.25,0.75,1.5,0.75,0.75,0.75,0.75,0.25,0.5,1.0,1.25,1.5,1.0,1.0,1.25,0.5,1.0,1.25,1.75
169,0.75,1.0,1.5,1.75,4.5,3.5,0.75,1.5,0.5,1.0,1.25,1.75,4.25,3.5,2.0,1.75,0.0,0.75,2.25,3.75,4.25,4.0,4.25,2.5,0.0,1.75,3.75,3.75,4.0,3.5,2.75,3.0,0.25,0.5,1.0,2.75,3.75,3.25,1.25,0.5,0.75,1.0,1.75,2.0,1.75,2.0,1.5,1.5,1.0,1.5,1.0,1.5,1.0,1.0,1.25,1.0,2.0,0.75,2.0,1.25,1.0,1.25,1.25,1.5
170,0.75,1.0,1.75,1.5,4.5,3.75,1.25,1.0,0.75,1.0,1.5,1.75,4.75,4.0,2.0,1.75,0.0,0.25,2.25,3.75,4.0,4.5,4.25,2.5,1.0,1.75,3.75,3.5,4.25,4.25,2.75,3.0,0.75,0.5,1.25,2.5,3.75,3.0,0.75,0.75,1.0,1.25,1.5,2.25,2.0,2.0,1.75,1.25,1.0,1.0,1.25,1.75,0.75,1.75,1.5,1.5,1.75,1.5,1.5,1.5,1.25,1.5,1.5,2.25
171,0.25,0.5,1.25,1.25,4.5,3.0,0.5,0.75,0.25,0.5,1.25,1.0,4.75,3.0,1.5,1.25,0.0,0.0,2.0,3.5,3.5,3.5,3.5,2.0,0.5,1.0,3.25,3.25,3.25,3.25,2.5,3.0,0.5,0.0,0.75,3.0,3.5,2.75,1.25,0.25,0.25,0.75,1.75,1.75,1.25,1.5,1.25,1.0,1.5,0.75,0.75,0.75,0.5,0.25,0.75,1.0,1.75,1.25,1.25,0.5,0.75,1.0,1.0,1.25
172,1.25,0.75,1.5,1.5,4.75,3.25,0.5,0.75,0.5,1.0,1.5,1.75,4.75,3.0,1.5,0.75,0.5,0.25,2.25,3.75,4.25,3.5,3.0,1.5,0.25,2.0,3.75,3.75,3.25,3.75,3.0,3.0,0.5,0.0,1.0,3.25,3.25,3.0,1.0,1.0,1.25,0.75,1.75,1.5,1.75,2.0,1.25,1.0,1.5,1.5,1.0,1.75,1.0,1.0,1.25,1.5,1.5,2.0,1.5,1.0,1.0,1.25,1.25,2.25
173,0.5,1.25,1.25,2.0,5.0,3.25,0.5,0.5,1.0,1.0,1.5,2.25,4.25,3.5,2.25,1.25,0.5,0.5,2.5,3.75,4.0,3.75,4.0,1.75,0.5,2.25,3.5,3.75,3.75,4.0,2.75,2.25,0.0,0.25,1.0,3.0,3.75,3.25,0.75,0.25,1.25,1.25,1.5,2.25,2.0,2.0,1.5,1.5,0.75,1.0,1.0,1.25,1.0,0.75,1.0,1.25,1.75,1.75,1.25,1.0,0.75,1.25,1.0,2.25
174,0.0,0.75,1.5,3.0,4.75,2.0,0.5,0.5,0.5,1.25,1.5,3.0,4.5,2.5,1.5,1.75,0.5,1.0,3.0,3.75,4.0,4.25,3.75,1.5,1.0,3.25,3.25,4.0,4.0,3.5,2.75,2.0,0.5,0.5,1.0,3.25,3.5,2.75,0.75,0.75,1.0,1.25,2.0,2.25,1.25,1.5,1.0,1.5,1.25,1.75,1.75,1.25,0.5,0.5,1.25,1.75,1.5,1.25,1.75,1.25,0.75,1.0,1.25,1.75
175,0.25,1.0,1.5,4.0,4.5,1.25,0.0,1.0,0.75,0.75,1.0,3.75,3.75,1.75,1.5,0.5,0.75,0.75,3.25,3.0,4.0,3.25,2.0,1.0,1.5,3.25,3.0,3.5,3.25,3.25,2.75,1.75,0.5,0.25,1.25,3.25,3.5,2.5,0.0,0.5,1.25,1.25,2.0,1.75,1.75,1.25,0.75,0.75,1.0,0.75,0.75,1.5,1.0,0.5,0.75,1.75,1.5,1.25,1.25,1.0,1.25,0.75,1.25,1.5
176,0.75,0.75,2.0,4.75,2.75,0.75,0.0,0.5,0.25,1.25,1.25,5.0,2.75,1.25,1.25,0.75,0.5,1.25,3.25,3.5,4.0,2.75,0.75,0.5,2.25,3.0,3.5,4.0,3.75,3.25,3.0,0.5,0.25,0.0,2.0,3.0,3.5,1.75,0.5,0.25,0.75,1.0,2.0,2.0,1.5,1.25,0.0,1.0,1.0,0.75,1.0,1.25,1.0,0.5,0.75,1.5,1.75,1.25,1.0,0.75,0.75,1.0,1.5,1.5
177,1.25,1.75,2.75,5.5,2.25,1.0,0.0,1.0,0.75,2.0,2.75,6.0,2.5,1.75,2.0,1.5,1.5,3.0,3.5,4.0,4.5,3.0,1.5,0.75,2.75,3.75,4.5,4.5,4.0,3.75,3.25,1.25,0.75,1.25,2.5,4.0,3.5,2.0,0.75,0.75,1.5,1.75,2.75,3.0,2.5,2.25,1.25,1.5,1.5,1.25,1.5,2.0,1.0,1.5,0.75,1.75,2.25,1.5,2.0,1.75,1.25,1.25,1.75,2.0
178,1.0,1.0,2.75,4.75,1.0,1.0,0.0,0.25,1.0,1.0,2.5,4.5,1.75,1.25,1.0,0.25,1.5,2.75,3.75,4.25,3.5,2.5,0.75,0.5,2.0,2.75,3.75,4.0,3.5,3.25,2.5,0.5,0.75,0.25,1.75,3.25,3.25,1.5,0.25,0.0,1.75,1.0,1.75,2.5,1.25,1.0,0.75,1.25,0.75,1.25,1.75,1.5,0.5,0.25,0.75,1.0,1.75,1.0,1.75,0.75,0.75,0.75,1.0,1.5
179,1.0,1.25,2.25,5.0,0.75,0.75,0.0,0.25,1.0,1.25,3.0,4.25,2.0,1.25,1.0,0.5,1.5,3.5,4.25,4.5,3.75,2.25,0.5,0.0,2.0,3.0,3.5,4.0,3.5,3.25,2.25,0.0,0.25,0.75,1.75,3.25,2.75,1.25,0.25,0.25,0.5,1.25,2.0,2.25,1.5,1.0,1.0,1.0,1.0,1.0,1.0,1.25,1.0,0.5,0.75,1.5,1.25,1.0,1.75,0.25,0.5,0.75,1.25,1.75
180,0.25,1.0,2.5,4.75,1.5,0.25,0.25,0.5,0.5,1.25,2.5,4.75,1.75,1.5,0.75,0.5,0.75,2.5,3.5,3.75,3.75,2.75,0.5,0.5,2.5,2.75,3.5,4.0,3.0,3.5,3.0,0.0,0.75,0.5,2.25,3.5,3.0,1.25,0.0,0.25,1.25,1.25,2.0,2.25,1.5,1.25,0.5,1.25,0.75,1.25,0.75,1.75,0.5,0.25,1.0,1.25,1.25,0.75,1.5,0.5,0.75,0.75,1.0,1.25
181,0.25,0.5,2.5,5.25,1.0,0.75,0.0,0.75,0.5,1.0,2.75,5.0,1.25,1.25,0.75,0.25,0.75,2.0,3.25,4.0,4.25,2.25,0.75,0.25,2.75,2.75,3.75,4.0,3.5,3.5,2.5,0.5,0.75,0.25,1.75,3.5,3.5,1.75,0.0,0.0,1.25,1.25,2.0,2.25,1.5,1.5,1.0,1.25,1.5,1.25,1.0,1.5,0.5,1.0,0.75,1.5,1.75,1.5,1.75,1.0,1.5,0.75,0.75,1.75
182,0.5,1.0,3.25,5.0,0.75,0.5,0.0,0.25,0.5,0.75,2.75,4.0,1.25,1.25,0.75,0.75,0.75,3.25,3.75,3.75,3.5,2.75,0.75,0.5,1.75,2.75,3.5,3.75,3.0,3.0,2.5,0.0,0.5,0.25,2.0,3.25,3.0,1.5,0.0,0.0,1.0,1.0,1.75,2.5,1.0,1.25,0.5,0.75,1.0,1.25,0.75,1.75,0.75,0.75,0.75,0.75,1.5,0.75,0.75,0.5,0.5,0.5,1.0,1.25
183,0.75,1.25,3.0,5.25,1.25,1.25,0.0,0.75,0.75,1.5,3.0,4.75,1.75,1.75,1.25,1.0,1.25,3.5,4.25,4.5,4.0,2.5,1.0,0.75,2.25,3.25,3.5,4.0,4.0,3.5,3.0,0.75,0.25,1.0,2.25,3.25,3.25,1.5,0.0,0.5,1.0,1.25,2.25,2.5,1.75,1.5,0.5,1.25,1.0,1.75,1.0,1.5,0.5,0.75,0.5,1.5,1.5,1.25,1.75,1.25,1.5,1.25,1.75,1.75
184,0.75,1.0,2.5,5.0,0.75,0.5,0.0,0.5,1.25,1.25,3.0,4.75,1.75,1.25,1.25,0.5,1.0,3.0,3.75,4.0,4.25,2.75,1.0,0.5,2.75,2.75,4.0,4.0,3.75,3.5,3.0,0.0,1.0,0.25,2.75,3.75,3.5,1.5,0.0,0.5,0.75,1.25,2.25,2.5,1.75,1.75,1.25,1.0,1.25,2.0,0.75,1.5,1.25,1.0,0.5,1.0,1.25,1.5,1.75,1.25,0.75,0.75,1.0,1.75
185,0.25,1.0,2.75,5.5,1.0,1.0,0.0,1.0,0.25,1.25,3.0,5.25,2.0,2.0,1.0,1.0,1.0,2.25,3.25,4.0,4.0,2.75,1.25,0.75,2.5,3.5,3.75,4.5,3.75,3.5,3.0,0.75,0.5,0.75,2.25,3.5,3.25,1.75,0.5,1.0,1.25,1.25,2.5,2.75,1.5,1.5,0.75,1.5,1.5,1.0,1.5,2.0,0.75,1.0,1.5,1.0,1.75,1.25,1.5,1.25,1.5,1.0,1.0,1.5
186,0.25,0.75,2.5,4.75,0.75,0.75,0.0,0.0,1.0,0.75,2.25,4.5,1.25,1.0,0.5,1.25,1.5,3.25,4.0,4.0,3.5,2.5,0.5,0.25,1.75,2.75,3.0,3.5,2.75,3.25,2.5,0.25,0.0,0.25,1.5,3.25,3.25,1.25,0.0,0.25,0.25,1.0,1.5,1.75,1.5,1.25,0.5,0.5,1.0,0.75,1.0,1.25,0.5,0.25,0.5,1.25,1.25,1.0,1.0,0.5,0.25,0.75,1.0,1.0
187,1.0,1.5,3.5,6.0,1.5,1.25,0.0,1.25,1.5,2.0,3.5,5.25,2.0,1.5,1.5,1.0,1.75,3.25,4.75,4.25,4.5,3.25,1.75,0.75,2.75,3.25,4.0,4.5,3.75,3.75,3.5,0.75,0.75,0.5,3.0,4.0,3.5,2.0,0.75,0.75,1.25,1.5,2.5,2.5,2.0,1.75,1.0,1.75,1.75,1.75,1.5,1.75,1.5,1.0,1.5,1.5,1.75,1.75,1.5,1.75,1.5,1.25,2.0,2.0
188,0.75,1.5,2.75,4.75,0.5,0.25,0.0,0.25,1.25,1.25,2.75,4.75,1.25,1.25,0.75,0.75,0.75,2.25,3.75,4.25,3.75,2.5,1.25,0.25,2.5,3.0,3.25,4.0,3.75,3.25,2.25,0.5,0.5,0.5,2.0,3.25,3.25,1.25,0.25,0.5,1.0,1.25,2.0,2.0,1.75,1.25,1.0,0.75,1.0,1.25,1.25,1.25,0.25,1.0,1.0,0.75,1.25,1.0,1.25,0.25,1.0,1.0,1.25,1.0
189,0.25,1.0,2.75,5.5,0.75,1.25,0.0,0.5,1.0,1.5,3.25,5.5,1.25,1.5,1.0,1.25,1.25,2.0,3.5,4.25,4.0,2.5,1.25,0.25,2.75,3.25,3.75,4.0,3.75,3.75,2.75,0.25,1.0,0.25,2.75,3.5,3.25,1.75,0.25,0.75,1.25,2.0,1.75,2.5,1.75,1.5,1.0,1.5,1.25,2.0,1.5,2.0,1.0,1.25,0.75,1.25,1.5,1.25,2.25,1.0,1.25,1.0,1.5,1.5
190,1.0,1.75,3.25,5.5,1.25,1.25,0.0,0.75,1.25,1.75,3.75,5.5,1.5,2.0,1.25,1.25,1.75,3.5,4.5,4.25,4.25,2.75,1.25,0.5,2.75,4.0,4.0,4.25,3.75,3.75,2.75,1.0,0.75,1.0,2.75,3.5,3.5,1.5,1.0,1.0,2.0,1.75,2.75,3.0,2.0,2.0,0.75,1.5,2.0,1.25,1.5,2.0,1.25,1.25,1.25,1.75,1.75,1.5,1.75,1.5,1.0,1.25,1.25,1.75
191,0.5,1.25,3.25,5.0,0.75,1.0,0.5,0.25,1.25,1.5,3.75,4.5,1.5,1.5,1.25,0.5,2.0,3.5,4.75,4.5,4.0,2.5,0.75,0.75,2.75,3.0,4.0,4.25,4.0,3.75,2.75,0.5,0.75,0.25,2.25,3.25,3.5,1.5,0.5,0.0,1.25,1.75,2.0,2.75,1.5,1.25,0.75,1.5,1.75,1.75,1.5,1.25,1.0,0.5,0.75,1.75,2.25,1.5,1.75,0.75,1.5,0.75,0.75,1.5
192,0.75,1.5,3.5,4.75,0.5,1.0,0.75,0.5,1.0,1.25,3.75,4.75,1.25,1.5,1.25,0.5,1.25,3.0,4.0,4.25,3.75,2.75,0.75,0.5,2.75,3.5,3.5,4.25,3.5,3.5,2.5,0.5,0.5,0.75,2.5,3.75,3.5,1.5,0.0,0.5,1.25,1.5,2.0,2.0,1.75,1.5,1.0,1.0,1.75,1.25,1.0,1.75,0.75,0.25,1.25,1.5,1.5,1.25,1.25,0.75,1.0,1.0,1.5,1.5
193,1.0,1.0,3.25,5.0,0.0,1.0,0.0,0.5,1.25,0.75,4.0,5.0,1.5,1.5,1.25,0.75,1.25,2.25,3.5,4.25,3.75,2.5,0.75,1.0,3.5,3.25,3.75,4.25,3.5,3.25,2.25,0.75,1.0,0.5,2.5,3.5,3.25,1.5,0.0,0.0,1.25,1.0,2.25,2.25,1.75,1.5,0.75,1.0,1.5,1.75,1.0,2.0,0.5,1.25,0.75,0.75,1.5,1.25,1.75,0.75,1.0,1.25,1.5,1.75
194,0.5,1.0,3.5,4.75,0.75,1.25,0.25,0.75,0.5,1.5,3.75,4.75,1.5,1.5,1.5,1.0,1.25,3.25,4.0,4.5,4.25,2.25,1.0,1.0,3.0,4.0,4.25,4.0,4.0,3.75,2.5,0.75,1.0,0.75,2.5,4.0,3.75,1.5,0.75,0.0,1.5,1.5,2.25,2.5,2.0,1.75,1.0,1.25,1.5,1.25,1.5,1.5,1.0,0.75,1.25,1.75,1.5,1.75,1.5,1.0,1.75,1.0,0.75,1.75
195,0.75,1.0,3.5,4.75,0.25,0.5,0.0,0.25,0.5,1.25,3.0,4.75,1.25,1.5,0.5,0.75,1.25,3.5,4.25,4.25,3.5,2.25,0.75,0.0,2.5,3.25,4.0,4.0,3.5,3.25,2.25,0.0,0.0,0.0,2.5,3.25,3.25,1.0,0.0,0.25,1.25,0.75,1.75,2.0,1.5,1.25,0.75,0.75,1.0,1.25,1.0,1.25,0.25,0.5,0.75,1.0,1.5,1.0,0.75,1.0,1.0,0.5,0.75,1.25
196,1.0,1.0,4.25,4.0,0.0,0.75,0.25,0.5,1.0,1.5,3.75,4.75,1.5,1.25,0.75,0.5,1.25,2.75,4.0,4.5,4.0,2.5,1.0,0.0,2.75,3.5,3.75,4.0,3.5,3.25,2.0,0.5,0.5,0.75,2.5,3.5,2.75,1.0,0.5,0.25,1.25,1.5,2.25,2.25,1.5,1.25,0.5,1.25,1.0,1.0,1.0,1.25,0.5,0.5,0.75,1.0,1.5,1.0,1.75,1.25,0.75,0.75,0.75,2.25
197,0.75,1.5,3.5,4.0,0.5,0.5,0.0,0.75,0.25,1.0,4.25,4.5,1.25,1.0,1.0,0.5,1.0,2.0,3.25,4.5,3.75,2.25,0.75,0.25,2.75,3.5,3.5,3.75,3.25,3.0,1.75,0.5,1.0,1.0,3.0,3.75,3.25,1.5,0.25,0.5,0.75,1.5,2.0,2.5,1.5,1.0,1.0,1.0,1.5,1.25,1.25,1.0,1.5,0.75,1.0,1.0,1.5,1.75,1.75,1.25,1.5,0.75,1.5,2.0
198,0.5,1.25,3.75,4.75,0.75,0.75,0.0,0.75,1.5,1.5,4.25,4.5,1.5,1.25,1.25,0.5,1.5,2.5,3.75,4.25,4.0,2.5,1.0,0.0,2.75,3.75,3.5,4.5,3.25,3.75,2.25,0.5,1.0,0.75,2.5,3.75,3.5,1.75,0.25,0.5,1.25,1.25,2.0,2.0,1.25,1.25,1.0,1.5,1.25,1.25,1.75,1.75,0.75,0.0,0.75,1.0,1.75,1.5,1.75,0.75,1.5,1.0,0.75,1.25
199,1.0,2.0,4.0,4.25,0.5,1.0,0.5,0.75,1.25,1.75,4.0,4.5,1.75,2.0,0.75,0.75,2.0,3.5,4.75,4.75,4.0,2.5,1.0,0.75,3.0,3.75,4.0,4.5,3.75,4.0,2.0,0.75,0.5,0.5,2.75,4.0,3.5,1.25,0.5,0.0,1.5,1.5,2.25,2.75,1.75,1.5,1.0,2.0,1.5,1.75,1.5,2.25,1.0,0.75,1.0,1.75,1.75,2.0,1.5,1.0,1.0,1.75,1.5,2.0
