,0,1,2,3,4,5,6,7,8,9,10,11,12,13,14,15,16,17,18,19,20,21,22,23,24,25,26,27,28,29,30,31,32,33,34,35,36,37,38,39,40,41,42,43,44,45,46,47,48,49,50,51,52,53,54,55,56,57,58,59,60,61,62,63
0,0.25,1.5,1.25,2.0,2.0,1.0,1.0,1.0,1.0,1.25,1.5,2.25,3.0,1.0,1.0,0.75,1.0,0.25,1.5,3.5,3.5,1.0,1.0,0.25,0.5,0.5,1.0,3.25,2.75,1.0,0.5,0.5,1.25,0.75,0.5,2.0,2.25,0.0,0.5,0.75,1.5,1.25,1.25,2.25,1.75,0.75,0.25,1.25,2.0,1.5,1.25,1.5,1.25,1.0,1.5,1.5,1.75,1.75,2.0,1.75,1.25,2.0,1.5,2.0
1,0.5,1.75,1.25,1.75,2.0,1.0,0.25,0.5,0.75,1.0,1.5,2.25,2.75,1.25,1.0,1.25,0.5,0.0,1.0,3.25,3.25,1.25,0.75,1.0,0.25,0.5,1.0,2.75,2.25,0.5,0.25,0.0,0.5,0.0,0.0,2.25,2.75,0.25,0.25,0.25,1.0,0.5,1.5,2.0,1.5,0.5,0.25,1.25,1.75,1.25,1.25,1.5,1.25,1.0,1.0,1.5,1.5,1.25,1.75,1.0,1.25,1.25,1.0,1.75
2,0.75,1.75,1.25,2.25,2.0,1.25,0.5,0.5,0.75,1.25,2.25,2.75,3.5,1.25,1.25,1.25,0.5,1.0,1.5,3.25,3.75,1.5,1.0,1.0,0.5,0.5,1.0,3.25,2.5,0.75,0.0,0.75,1.25,0.5,0.0,2.25,2.5,0.0,0.25,0.5,1.5,0.75,1.75,2.25,1.75,1.25,1.0,1.25,1.5,1.5,1.25,2.25,1.25,1.5,1.25,1.5,2.0,2.25,2.25,1.5,2.0,0.75,1.75,2.0
3,0.75,1.25,1.0,2.0,2.0,1.0,0.25,0.25,1.0,1.25,1.75,2.75,3.0,1.25,1.0,1.25,0.5,0.25,1.0,3.5,3.25,1.0,0.5,0.25,0.5,0.25,0.75,2.75,2.5,0.75,0.25,0.5,0.5,0.0,0.0,2.0,2.25,0.0,0.5,0.0,1.25,1.0,1.25,1.75,1.75,0.75,0.25,1.25,1.25,1.5,1.0,1.5,1.0,1.0,0.75,1.25,1.5,1.75,1.5,1.5,1.25,1.5,1.75,2.0
4,0.5,2.0,1.5,2.0,2.0,1.5,0.75,0.75,0.5,0.5,1.75,2.75,3.25,2.0,1.25,1.5,1.0,0.25,1.5,3.25,3.5,1.25,0.75,0.5,0.5,0.25,0.5,3.25,3.0,0.75,0.5,0.75,1.0,0.25,0.75,2.25,2.75,0.5,0.0,0.75,1.25,1.0,2.0,2.25,1.75,0.75,1.25,1.0,1.75,1.75,1.25,2.0,1.5,1.25,1.25,2.0,2.0,1.5,2.0,2.0,1.25,1.5,1.5,2.0
5,1.0,1.5,0.75,1.5,2.0,1.5,0.5,0.75,1.25,1.0,1.75,2.25,3.25,0.75,1.25,1.0,1.0,0.75,1.0,3.0,3.25,1.25,0.75,1.0,0.25,0.0,0.25,2.75,2.75,0.25,0.5,0.5,1.0,0.0,0.0,2.0,2.25,0.0,0.25,0.0,1.25,1.25,1.25,2.0,1.5,1.0,0.5,0.5,1.25,1.5,1.0,1.5,1.0,0.25,1.25,1.25,2.0,2.0,2.0,1.0,1.25,1.5,1.0,2.0
6,1.5,2.25,1.75,2.0,2.5,1.5,0.5,1.0,1.25,1.25,2.25,3.0,3.5,2.0,1.5,1.75,1.25,0.5,1.5,4.0,4.0,1.5,1.25,1.25,1.0,1.0,1.0,3.75,3.25,1.25,1.0,1.0,1.25,0.75,0.75,2.25,3.25,0.0,1.0,1.0,1.5,1.5,2.0,2.5,2.0,1.5,1.0,1.5,2.0,1.75,2.25,2.0,1.75,1.75,1.25,1.75,2.5,1.75,1.75,1.25,2.0,1.75,2.25,2.75
7,0.75,1.25,0.75,1.5,1.75,1.0,0.0,0.5,1.25,0.5,2.25,2.75,3.0,1.5,1.5,0.75,0.25,0.25,1.25,3.5,3.5,1.25,0.75,1.0,0.5,0.5,1.0,2.75,2.75,0.75,0.25,0.75,0.5,0.5,0.0,2.25,2.5,0.5,0.25,1.0,1.25,1.0,1.25,2.5,1.75,1.25,0.75,1.5,1.5,1.75,1.25,1.5,1.0,1.5,1.0,1.5,2.5,2.0,2.25,1.25,1.25,1.25,1.25,1.5
8,1.25,1.5,1.25,1.5,1.5,1.25,0.25,0.5,1.0,1.0,1.5,2.25,3.0,1.75,1.25,1.0,0.75,0.0,0.75,3.5,3.25,1.5,1.0,1.0,0.5,0.25,0.75,2.75,2.5,0.5,0.5,0.25,1.0,0.25,0.25,2.0,2.0,0.0,0.5,1.0,1.25,1.25,1.5,2.25,1.75,1.75,0.25,1.0,1.25,1.75,1.25,1.5,0.75,1.25,0.75,1.5,1.5,1.0,1.75,1.75,2.0,1.75,1.5,2.0
9,0.75,1.75,1.25,1.25,2.75,1.5,0.0,0.75,0.75,0.5,1.25,2.5,3.75,2.25,1.75,1.25,0.75,0.5,1.25,3.25,4.25,1.75,1.0,1.25,0.75,0.25,1.0,2.25,3.0,0.75,0.5,0.25,0.75,0.5,0.25,2.0,3.0,0.25,0.25,0.25,1.75,1.0,1.5,2.25,2.25,1.25,1.25,1.5,2.0,1.5,1.5,1.75,1.75,1.25,1.25,1.75,1.75,1.5,1.75,2.0,1.25,1.5,1.5,2.0
10,1.25,1.25,1.5,1.0,2.75,1.25,0.0,1.0,1.25,1.0,1.75,1.75,4.0,2.0,1.5,1.25,0.75,0.5,0.75,2.5,4.0,2.25,1.0,1.25,0.75,0.75,0.5,2.75,3.0,1.75,0.25,0.5,1.0,0.5,0.0,2.25,2.5,0.75,0.5,0.75,1.5,0.5,1.5,2.25,1.75,1.75,0.5,1.75,1.0,1.5,1.5,1.5,1.25,1.25,1.25,1.5,1.75,2.0,1.75,2.0,1.25,1.5,1.5,2.25
11,1.0,1.5,1.25,1.0,2.25,1.25,0.5,1.0,1.25,0.5,1.5,1.75,3.25,1.5,0.75,1.0,0.0,0.0,0.5,2.5,3.75,2.25,0.5,1.0,0.5,0.25,0.75,2.25,2.25,1.5,0.75,0.25,0.75,0.25,0.0,1.5,2.75,0.25,0.25,0.5,1.5,0.75,1.5,2.25,1.5,1.25,0.75,1.25,1.75,1.5,1.25,1.75,1.5,0.75,0.75,1.75,1.75,1.5,1.0,1.25,1.5,1.0,1.75,1.75
12,0.75,1.0,1.0,1.25,2.25,1.5,0.75,0.75,1.25,0.75,1.5,1.75,4.0,2.0,1.0,1.0,1.0,0.5,0.75,2.5,3.5,2.0,1.25,1.25,0.25,0.75,0.5,2.0,3.0,2.0,0.5,0.25,0.75,0.25,0.0,1.75,3.25,1.0,0.75,0.5,1.5,1.0,1.5,2.0,2.5,1.25,0.75,1.5,1.25,1.25,1.75,1.5,1.75,1.5,2.0,2.5,2.25,1.75,2.25,1.75,2.0,1.25,1.75,2.5
13,1.0,1.75,1.25,1.0,2.5,1.5,0.75,0.5,1.0,1.5,1.25,2.0,3.75,2.25,1.5,0.75,0.75,0.75,1.25,2.5,3.5,2.25,1.25,1.0,1.0,0.5,1.25,2.5,3.0,2.0,1.0,0.25,0.5,0.25,0.25,1.75,3.0,0.75,0.0,0.75,1.75,1.25,1.25,2.5,1.75,1.5,1.0,1.75,1.75,1.25,1.75,1.75,1.5,1.5,1.75,2.0,1.75,1.75,1.75,1.5,1.75,1.25,1.25,2.0
14,0.75,1.5,1.0,1.0,3.0,1.25,0.0,1.25,0.75,0.75,1.25,1.75,3.75,2.0,1.0,0.75,0.75,0.5,1.0,2.75,3.5,2.0,0.5,0.75,0.25,0.25,0.0,2.5,2.75,1.75,0.5,0.5,0.5,0.25,0.25,2.0,2.75,0.5,0.25,0.25,1.25,0.75,1.25,2.0,1.5,1.0,0.5,1.25,1.25,1.25,1.5,1.75,1.5,1.25,1.25,0.75,1.75,1.25,2.0,1.5,1.25,1.25,0.5,1.75
15,0.75,1.5,1.0,1.5,3.25,1.0,0.25,0.5,1.0,0.5,1.75,3.0,3.25,2.0,1.5,1.0,0.75,0.0,0.75,3.25,3.5,1.75,0.75,1.5,0.5,0.75,0.5,3.25,2.75,1.75,0.25,0.75,0.75,0.25,0.25,2.75,2.5,0.5,0.25,0.5,1.25,0.5,1.75,2.25,2.25,1.0,1.0,0.75,1.25,1.25,1.25,1.5,1.25,1.0,1.0,1.5,1.75,1.5,1.25,1.0,1.5,1.0,1.5,1.25
16,0.5,1.5,1.0,2.75,2.0,1.25,0.25,1.5,1.0,1.25,2.0,3.5,3.5,1.75,1.5,0.5,0.75,0.25,2.5,3.5,3.25,1.75,0.5,1.0,0.25,0.0,1.5,3.25,2.75,1.0,0.25,0.25,0.5,0.5,0.25,3.0,2.75,0.0,0.25,0.25,1.0,1.0,1.5,2.5,1.75,0.75,0.5,1.25,1.0,1.25,1.25,2.0,0.75,1.0,0.75,1.25,1.75,1.5,2.0,1.0,1.75,0.75,1.0,2.0
17,0.25,2.0,1.0,3.75,1.75,1.25,0.0,0.5,0.75,1.0,2.75,3.5,3.0,1.75,1.25,1.75,0.25,1.0,2.75,3.75,3.75,1.25,0.5,1.0,0.25,0.75,2.0,3.25,2.5,0.75,0.25,1.0,0.75,0.5,0.25,2.75,2.75,0.0,0.25,0.25,1.5,0.75,1.5,2.25,1.75,1.0,0.25,1.75,1.25,0.75,1.75,1.75,1.0,1.25,0.75,1.5,2.25,0.75,1.75,1.5,1.5,1.25,1.0,1.75
18,0.0,1.5,0.5,3.0,2.0,1.0,0.25,0.5,0.75,0.5,2.0,3.25,3.0,1.5,0.75,0.5,0.5,0.5,2.5,3.25,3.0,2.0,0.75,0.5,0.5,0.25,1.5,3.0,2.25,1.5,0.75,0.25,0.5,0.25,0.25,2.5,2.75,0.5,0.25,0.0,0.5,0.25,1.5,2.25,1.5,0.75,0.5,1.0,1.0,1.0,1.5,1.5,1.0,1.25,1.25,1.0,1.25,1.25,1.5,0.5,1.25,1.25,1.75,1.75
19,1.0,1.25,1.5,2.75,2.75,1.25,0.25,0.75,1.25,1.75,2.5,3.25,3.75,2.5,1.75,1.25,0.5,0.75,2.25,3.5,3.25,3.0,1.0,0.75,0.0,0.5,2.0,3.5,2.75,2.0,1.5,0.75,0.5,0.5,0.5,3.25,3.25,0.75,1.0,0.5,1.25,1.25,1.5,2.25,2.5,1.5,0.75,1.25,2.0,1.75,1.5,2.0,1.0,1.25,1.25,1.75,2.5,2.25,2.25,1.25,1.75,1.75,1.75,2.25
20,0.5,1.75,1.0,2.75,2.75,1.5,0.25,0.75,0.75,0.75,2.25,3.25,3.0,2.25,1.5,0.75,1.0,0.5,2.25,2.75,3.5,2.75,1.0,0.75,0.5,0.0,1.5,3.25,2.75,2.0,0.75,0.75,0.75,0.0,0.75,2.5,2.75,0.75,0.5,1.0,1.0,1.25,1.5,2.75,2.0,1.5,0.75,1.25,1.0,1.75,0.75,2.25,1.5,1.0,1.5,1.5,1.5,1.25,1.75,1.75,1.75,1.25,1.75,2.25
21,1.0,1.5,1.25,2.75,3.25,1.25,0.25,0.25,1.25,0.75,1.75,3.25,3.25,2.25,1.5,1.25,0.75,0.75,2.25,3.25,3.5,3.0,0.75,1.0,0.5,0.25,1.75,3.25,2.75,2.0,0.5,0.5,1.0,0.5,0.25,2.75,3.0,1.0,0.0,0.75,1.25,1.0,1.25,2.75,2.0,1.5,0.75,1.0,1.25,1.25,1.5,1.5,1.0,1.5,1.0,1.75,1.5,1.5,1.5,1.25,1.25,1.75,1.25,2.25
22,1.0,1.5,1.25,2.5,3.0,1.75,0.5,1.0,1.25,0.75,2.0,3.5,3.75,2.5,1.25,1.0,0.25,1.0,2.25,3.75,3.5,3.0,1.0,1.0,0.0,0.75,1.75,2.75,2.5,1.5,0.25,0.0,0.75,0.0,0.25,2.75,3.25,0.75,0.5,0.75,1.5,1.0,1.25,2.5,2.25,1.25,0.5,1.25,2.0,1.25,1.25,2.25,1.5,1.25,1.0,2.0,1.5,1.75,1.25,1.25,1.25,1.75,1.25,2.0
23,1.0,1.0,1.5,2.5,2.5,1.5,0.25,1.0,1.0,1.0,2.0,3.25,3.5,2.25,1.25,1.25,0.25,0.25,2.25,3.25,3.25,2.5,0.75,0.5,0.25,0.25,1.75,2.75,2.75,2.0,0.5,0.0,0.0,0.25,0.5,2.75,3.0,0.75,0.5,0.0,1.0,1.0,1.5,2.5,1.75,1.75,1.0,0.75,1.5,1.5,1.25,1.5,1.0,1.25,1.0,1.5,2.25,1.0,1.75,1.0,1.5,1.5,1.5,2.0
24,0.75,2.0,1.0,2.5,3.25,1.0,0.0,0.5,1.0,1.25,2.0,3.75,3.5,2.5,1.5,1.25,0.75,0.25,1.5,3.25,3.25,2.75,1.0,1.0,0.75,0.75,1.5,3.0,3.25,2.0,0.5,0.0,0.75,0.25,0.25,2.5,3.0,0.75,0.25,0.5,1.25,0.75,1.25,2.75,1.75,1.25,0.5,1.5,1.25,1.5,1.25,1.75,1.25,1.25,1.0,2.0,2.5,1.5,1.5,1.0,1.75,1.5,1.75,2.0
25,0.5,1.5,1.0,2.25,2.5,1.0,0.0,0.5,1.0,1.0,1.5,2.75,3.25,1.25,1.25,0.5,0.5,0.5,2.0,3.0,3.0,2.5,0.75,0.5,0.25,0.5,1.25,3.0,2.5,1.5,0.25,0.25,0.75,0.0,0.5,2.25,2.75,0.5,0.25,0.5,1.25,0.25,1.25,2.25,1.75,1.25,0.25,1.0,1.25,1.25,1.0,1.25,0.75,1.0,1.0,1.25,2.0,1.25,1.0,1.0,1.0,0.75,0.25,1.75
26,0.75,1.5,1.0,2.0,3.25,1.5,0.25,1.0,0.75,1.5,1.75,3.75,2.75,2.25,1.0,1.5,1.0,0.5,2.25,3.5,3.25,2.25,1.0,1.0,0.25,0.5,1.25,2.75,2.75,1.75,0.5,0.25,0.5,0.25,0.0,2.75,3.0,0.75,0.25,0.0,1.25,0.75,1.25,2.25,1.5,1.0,0.25,1.25,1.5,1.5,1.25,1.75,1.0,0.75,1.0,1.25,2.25,1.5,1.5,1.25,1.25,1.5,1.5,2.25
27,0.75,1.5,1.25,2.5,3.5,1.25,0.0,1.0,0.5,0.75,2.25,3.25,3.25,2.25,1.25,0.75,0.5,1.0,1.75,3.5,3.25,2.5,0.75,1.0,0.25,0.75,1.25,3.25,2.25,2.0,1.25,0.25,0.75,0.5,0.0,2.5,3.0,1.25,0.0,0.25,1.0,1.5,1.25,2.5,1.75,1.0,0.25,0.75,1.5,0.75,1.25,1.5,1.25,1.25,0.75,1.75,1.75,1.5,1.75,1.25,1.75,1.5,1.5,2.0
28,1.0,1.5,0.75,2.0,2.75,1.75,0.25,1.0,1.0,0.5,2.0,3.25,3.25,2.25,1.5,1.25,0.5,0.25,1.75,3.75,3.5,2.75,1.0,1.0,0.25,0.25,1.25,3.25,2.5,2.0,0.0,0.25,0.5,0.0,0.25,2.75,3.0,1.0,0.75,0.0,1.0,1.0,1.5,2.25,2.25,1.0,0.75,1.5,1.0,1.5,1.25,1.75,1.0,1.25,1.0,1.75,2.25,1.75,1.75,1.75,1.25,1.25,1.0,1.75
29,0.25,1.5,1.25,2.0,3.25,1.25,0.25,0.75,0.75,0.5,1.75,3.25,3.5,2.0,1.25,0.5,0.75,0.75,1.75,3.5,3.0,3.0,0.75,0.75,0.25,0.0,1.0,3.0,2.5,2.0,0.5,0.25,0.75,0.5,0.5,2.75,2.75,1.0,0.25,0.5,1.0,0.75,1.5,2.25,2.25,1.25,0.75,1.25,2.0,1.5,1.0,1.75,1.25,1.25,1.25,1.75,1.5,1.5,2.0,1.5,1.25,1.75,1.75,2.0
30,1.0,1.25,1.5,2.0,3.25,1.5,0.25,0.25,0.25,0.75,2.0,3.25,3.25,2.5,1.5,0.75,1.0,0.0,2.0,3.25,3.25,2.5,1.0,0.75,0.5,0.25,1.25,3.0,2.5,2.25,1.0,0.5,0.5,0.0,0.75,2.5,2.75,1.0,0.5,0.5,1.25,0.75,1.5,2.25,1.75,1.25,0.75,1.0,1.75,1.5,1.75,1.75,1.25,1.25,1.0,1.25,1.75,1.0,1.5,1.25,1.5,1.25,1.25,1.25
31,1.0,1.5,1.25,2.0,4.0,2.0,1.25,1.0,1.0,1.75,1.75,3.5,3.25,3.0,1.75,1.0,1.25,0.25,1.75,3.25,3.25,2.75,1.0,1.0,0.25,0.5,1.25,2.75,2.75,2.5,0.5,0.75,1.0,0.0,0.5,2.25,3.5,1.5,0.75,0.0,1.5,0.75,1.5,3.0,2.25,1.25,1.0,1.5,1.25,1.0,1.25,2.25,1.25,1.25,1.0,1.75,2.5,1.5,2.0,1.75,1.75,2.0,1.75,2.25
32,0.5,1.25,1.0,1.5,3.75,1.5,0.25,0.75,0.5,1.0,1.25,3.0,3.25,3.0,0.75,0.5,0.5,0.0,1.25,3.25,3.5,3.0,1.5,0.75,0.0,0.25,1.0,2.25,2.5,2.25,0.75,0.5,1.0,0.25,0.0,2.25,3.0,1.25,0.5,0.25,1.0,0.75,1.5,1.75,2.0,1.25,0.75,1.0,1.5,1.25,1.0,1.75,1.25,1.25,1.75,1.5,2.25,1.5,1.5,1.5,1.75,1.75,1.75,2.0
33,0.75,1.25,0.5,1.25,3.25,2.0,0.0,0.5,0.75,0.5,1.25,2.25,3.5,3.0,1.5,0.75,0.25,0.25,1.0,3.0,3.5,2.75,1.75,0.5,0.0,0.0,0.0,2.5,2.25,2.25,1.5,0.5,0.5,0.25,0.0,1.75,3.25,2.0,0.75,0.25,1.25,1.0,1.25,2.5,1.5,1.5,0.75,1.0,1.5,1.0,0.75,1.5,1.0,1.0,1.5,1.5,2.0,1.5,2.0,1.5,1.75,1.25,1.25,1.25
34,0.75,1.25,0.5,1.5,3.25,2.5,0.5,0.25,0.75,1.25,1.75,2.0,3.25,3.5,1.5,1.25,0.5,0.25,0.5,2.5,3.25,2.75,1.75,1.0,0.25,0.0,1.0,2.5,3.0,2.0,1.25,0.75,0.25,0.25,0.0,2.25,3.25,1.75,1.0,0.5,1.0,0.75,1.25,2.5,2.0,1.75,1.0,1.25,1.25,1.0,1.0,1.25,1.0,0.75,1.0,1.5,1.75,1.75,2.0,1.5,1.5,1.5,1.5,1.75
35,0.25,1.0,1.0,0.75,2.75,2.25,0.5,0.5,1.0,0.75,1.5,2.5,3.25,3.75,1.0,1.5,0.25,0.0,1.0,2.75,3.25,2.5,1.5,1.0,0.0,0.25,0.5,3.0,2.75,2.25,1.0,0.0,0.75,0.25,0.0,2.25,3.5,1.75,0.5,0.5,1.0,0.75,1.25,2.5,2.0,1.5,0.5,1.5,1.25,1.0,1.5,1.5,1.0,1.0,1.5,1.75,1.5,1.25,1.25,1.75,1.75,1.5,1.25,1.25
36,1.0,1.5,0.5,1.75,3.25,1.75,0.25,1.0,0.75,1.0,1.5,3.0,3.5,3.0,1.75,0.5,0.25,0.0,1.25,3.25,3.25,3.0,1.25,0.5,0.5,0.5,1.25,3.25,2.5,2.25,1.25,0.5,0.25,0.25,0.25,2.75,2.75,1.5,0.25,0.25,1.0,1.25,1.5,2.5,2.0,1.25,1.0,1.25,1.0,1.5,1.75,1.75,1.0,1.0,1.25,0.75,2.0,1.25,1.75,1.75,1.0,1.5,1.5,2.0
37,0.75,2.25,1.75,3.5,2.75,0.75,0.75,0.5,0.5,1.25,3.0,3.5,2.75,2.75,1.25,0.5,0.75,0.75,3.0,2.75,2.5,2.5,0.75,0.5,0.5,0.75,2.25,2.75,2.0,1.5,0.25,0.0,0.75,0.25,1.5,2.75,3.0,1.0,0.5,0.5,1.0,1.0,2.0,2.75,2.0,1.25,0.0,1.25,0.5,0.75,0.75,2.0,1.0,0.75,0.5,1.0,1.75,1.25,1.25,1.25,1.25,1.75,1.25,1.5
38,1.25,2.25,2.5,3.75,2.75,1.25,0.25,0.5,1.25,1.0,3.5,3.5,3.0,2.0,0.75,0.5,0.5,1.75,3.0,3.0,2.75,1.75,0.75,1.0,0.25,1.25,2.25,2.25,2.5,1.0,0.25,0.25,0.5,1.0,1.5,3.25,2.75,0.5,0.0,0.0,1.25,1.25,2.25,2.25,1.5,1.0,0.5,0.75,1.5,1.5,1.75,1.25,1.0,1.25,1.0,1.5,1.75,1.25,1.5,1.75,1.25,1.25,1.0,1.5
39,1.5,1.75,3.25,3.5,3.0,1.5,0.0,0.5,0.75,1.5,3.5,4.0,3.5,2.75,1.25,1.5,0.75,2.25,3.75,3.25,3.5,2.0,1.5,0.75,0.25,1.75,3.0,3.0,2.5,2.0,0.75,0.5,1.25,1.0,2.5,3.5,3.0,0.75,1.0,0.75,1.5,1.25,2.25,3.0,2.25,0.75,0.75,1.75,1.75,1.75,1.75,1.75,1.5,1.25,1.0,1.75,2.0,1.25,2.0,1.25,1.25,1.0,2.0,2.75
40,1.0,2.0,3.0,3.5,3.0,2.25,0.25,0.75,1.0,1.5,3.5,3.75,3.25,3.5,1.75,0.75,1.0,1.5,3.0,3.25,3.0,2.5,1.0,1.0,0.25,1.5,2.75,3.25,2.25,1.75,1.0,0.0,1.0,0.75,2.0,3.0,3.0,1.25,0.5,0.25,1.0,1.25,2.0,2.5,1.75,1.25,0.75,1.25,1.5,1.5,1.5,2.0,1.0,1.0,0.75,1.75,2.0,1.5,1.5,1.25,1.25,1.25,1.75,2.5
41,0.5,2.0,2.5,3.25,3.0,1.75,0.25,0.25,1.0,1.5,3.25,3.0,3.5,3.0,1.5,0.75,1.0,1.25,2.5,3.0,3.0,2.75,1.25,1.0,0.25,1.25,2.75,2.75,2.25,1.5,1.0,0.25,0.5,0.5,1.75,3.0,2.5,1.25,0.5,0.0,1.25,0.75,1.75,2.75,2.25,1.0,0.75,0.75,1.75,1.75,1.75,2.0,1.0,1.5,1.0,1.5,1.75,1.5,1.75,1.75,1.25,1.25,1.5,1.0
42,1.25,1.75,2.5,3.5,3.5,1.5,0.25,0.5,1.25,1.0,3.5,3.75,3.5,2.75,1.25,0.75,1.0,1.25,3.25,3.0,3.25,2.75,1.0,1.0,0.75,1.25,2.75,2.5,2.25,2.25,0.75,0.25,0.75,0.5,2.0,3.0,2.75,1.25,0.0,0.25,0.75,0.75,1.75,2.5,2.0,1.5,0.5,1.0,1.0,1.5,1.75,1.5,1.25,0.75,0.75,1.75,2.0,1.5,1.5,0.75,1.5,1.0,1.0,1.75
43,1.0,1.25,2.5,3.75,2.75,1.25,0.75,0.75,1.0,1.25,3.5,4.0,3.5,3.25,1.5,0.75,0.5,1.5,3.25,2.75,2.75,2.5,1.25,0.75,0.5,1.0,2.5,2.75,2.25,2.0,1.0,0.0,0.75,0.5,2.0,3.0,3.0,1.0,0.5,0.25,1.25,1.25,1.5,2.5,1.25,0.75,0.25,0.75,1.25,1.25,1.75,1.5,1.0,0.75,0.75,1.5,1.75,1.0,1.75,1.0,1.25,1.0,1.0,1.5
44,0.5,2.0,3.0,3.25,3.25,2.0,0.25,0.75,0.75,1.75,4.0,4.25,3.5,3.0,1.25,1.5,0.75,1.25,3.25,3.75,3.25,2.25,1.0,0.75,0.0,1.25,2.75,2.75,2.25,2.5,1.0,0.5,0.75,0.75,1.5,3.25,3.0,1.0,0.25,0.25,1.5,0.75,2.0,3.0,1.75,1.0,0.5,1.0,1.75,1.25,1.25,2.25,1.0,1.25,0.75,1.75,1.25,1.75,1.25,1.0,1.25,1.25,1.25,2.0
45,0.75,1.25,2.75,3.0,2.75,1.5,0.0,1.0,1.25,1.0,3.25,3.75,3.0,2.5,1.5,0.25,0.75,1.25,3.0,3.0,2.75,2.5,0.75,0.75,0.25,1.0,2.5,2.75,2.25,2.25,0.5,0.0,0.25,0.5,2.25,3.0,2.5,1.0,0.25,0.5,0.75,0.75,1.5,2.25,1.75,1.0,0.25,1.25,1.0,1.25,1.25,1.5,0.5,1.0,0.75,1.5,1.5,1.5,1.0,1.25,1.0,0.75,1.0,2.0
46,0.5,2.0,2.75,3.5,3.0,1.5,0.25,0.75,0.5,1.25,3.25,3.5,3.5,3.0,1.5,1.25,1.0,1.25,3.25,3.0,3.25,2.25,1.0,1.0,0.0,1.0,2.0,2.75,2.0,2.5,0.75,0.5,0.5,0.75,1.75,3.0,3.25,1.25,0.5,0.25,1.0,1.25,1.25,2.5,1.75,1.25,0.5,0.75,0.75,1.25,1.5,1.5,1.25,0.75,1.25,1.25,1.75,1.25,1.5,0.75,1.25,1.0,1.5,2.25
47,0.25,1.25,2.0,3.0,2.75,1.5,0.0,0.0,0.25,0.5,3.0,3.5,3.0,3.0,1.0,0.5,0.25,0.25,2.75,2.75,2.5,2.0,0.75,0.25,0.0,0.5,2.0,2.5,1.75,1.5,0.25,0.25,0.25,0.25,1.5,3.0,2.0,1.0,0.5,0.0,0.5,0.25,1.75,2.25,1.25,0.75,0.25,1.0,1.25,1.25,1.0,1.25,0.75,0.75,0.5,1.5,1.25,0.75,1.0,0.25,0.75,1.0,0.5,1.75
48,0.75,2.0,2.5,3.75,2.75,2.0,0.0,0.5,0.75,1.0,3.25,3.25,3.25,2.75,1.25,1.0,0.25,1.25,3.25,3.0,2.75,2.75,1.0,0.75,0.5,1.25,2.25,2.75,2.5,2.25,0.75,0.25,0.5,0.75,2.0,3.25,2.75,0.75,0.5,0.25,1.0,1.0,2.0,2.25,1.75,1.0,0.75,1.0,1.5,1.25,2.0,1.25,0.75,1.25,1.0,1.0,1.5,1.25,1.75,1.0,1.25,1.5,1.5,1.5
49,0.25,1.75,2.5,3.75,2.75,1.5,0.0,0.25,1.0,1.5,3.5,3.75,3.5,2.5,1.25,0.5,0.5,1.5,2.5,3.0,2.75,2.25,0.75,0.75,0.25,1.0,2.25,2.75,2.25,2.0,0.5,0.0,0.75,0.25,1.75,2.75,3.0,0.75,0.25,0.25,1.0,1.0,1.75,2.25,1.5,1.25,0.0,1.25,1.5,1.75,1.25,2.0,0.75,1.25,1.0,1.25,1.5,1.0,1.0,1.0,1.0,1.25,1.0,1.75
50,1.25,2.25,3.5,4.25,3.0,1.75,0.0,1.0,1.25,1.75,3.75,4.25,4.0,2.75,1.25,0.5,1.0,1.5,3.75,3.0,3.25,2.25,1.0,1.0,0.75,1.5,2.75,3.0,2.75,2.0,0.75,0.5,0.75,0.75,2.25,3.5,3.5,1.25,0.25,0.5,1.25,1.5,2.0,3.25,2.25,0.75,1.25,0.75,1.5,1.75,2.0,2.0,1.5,1.0,1.5,1.25,1.75,2.0,1.75,1.5,1.25,1.75,1.25,1.75
51,1.0,1.75,3.0,3.75,2.5,1.0,0.0,0.5,0.75,1.25,3.25,3.75,3.25,1.75,1.0,1.0,0.25,1.5,3.25,3.0,2.75,2.0,0.5,0.75,0.5,1.5,2.25,2.5,2.0,1.5,0.25,0.0,0.5,0.75,2.0,3.5,2.5,0.75,0.25,0.0,1.25,1.0,1.5,2.75,1.75,1.0,0.5,0.5,1.25,1.0,1.75,1.75,0.75,0.75,0.75,1.75,2.0,1.5,1.75,1.75,0.75,0.75,0.75,1.25
52,1.0,1.75,2.5,4.0,3.25,1.5,0.0,0.5,0.5,1.5,3.5,3.75,3.5,2.5,1.0,0.75,1.25,1.0,3.5,3.0,2.5,2.75,1.0,1.25,0.25,0.75,2.0,3.0,2.25,2.0,0.5,0.5,1.25,0.5,1.5,3.5,3.0,0.75,0.5,0.5,1.25,1.0,2.0,2.25,2.0,1.25,1.0,1.0,1.75,1.5,1.75,2.0,1.25,0.75,1.25,2.0,2.0,1.25,1.75,1.0,1.0,1.25,1.25,1.75
53,0.5,1.25,1.5,3.0,3.5,1.75,0.5,0.75,0.5,0.75,1.75,3.25,3.5,2.75,1.0,1.0,0.75,0.5,2.25,3.5,2.75,2.5,1.5,1.0,0.75,0.0,1.75,2.75,2.5,2.0,1.0,0.5,0.5,0.25,0.5,3.0,3.0,1.25,0.5,0.5,0.75,0.75,1.5,2.5,2.0,1.25,0.5,1.0,1.5,1.5,1.25,2.0,1.25,1.25,1.25,2.0,1.0,1.25,1.25,1.25,1.25,1.75,1.5,1.75
54,0.5,1.5,1.0,1.75,3.5,1.75,0.0,0.5,1.0,1.25,1.75,3.25,3.5,3.25,1.5,1.25,0.75,0.5,1.5,3.5,3.25,2.75,1.0,1.25,0.5,0.75,0.75,2.5,2.25,1.75,1.25,0.25,0.75,0.25,0.75,2.5,2.75,0.75,1.0,0.25,1.0,1.0,1.25,2.0,2.0,1.5,0.5,1.0,1.5,1.5,1.0,1.75,1.25,1.0,0.75,1.75,2.0,1.25,1.25,1.5,1.0,1.5,1.75,1.75
55,0.25,1.75,1.25,1.75,3.5,1.75,0.5,0.75,1.25,1.0,2.0,3.25,3.0,3.0,2.0,1.0,0.75,1.0,1.75,3.0,3.25,2.5,0.75,1.25,0.5,0.75,1.25,2.5,2.25,1.75,0.5,0.0,0.5,1.0,0.5,3.0,2.75,0.5,0.5,0.25,1.25,1.25,1.5,2.25,2.0,1.5,0.25,1.0,1.25,1.0,1.0,1.5,1.25,1.25,1.25,1.75,1.5,1.5,1.5,1.0,1.25,1.5,1.75,1.5
56,1.0,1.5,0.75,2.75,3.25,1.25,0.25,0.75,0.75,1.25,2.25,2.75,3.5,2.25,1.25,0.75,1.0,0.25,2.0,3.0,3.25,2.75,0.75,1.25,0.5,0.5,1.75,2.75,2.25,1.25,0.25,0.0,0.5,0.25,1.0,3.0,3.0,0.25,0.5,0.5,1.5,0.75,1.5,2.0,2.0,1.0,0.25,1.0,1.5,1.5,1.25,1.75,1.0,1.25,1.0,2.0,2.25,1.5,1.5,1.25,0.75,1.25,1.5,1.5
57,0.75,1.25,1.5,3.0,2.5,0.75,0.75,0.75,0.5,1.25,2.25,3.5,3.5,2.0,1.25,1.0,0.25,0.75,2.25,3.5,3.0,2.0,0.75,1.0,0.0,0.25,1.75,3.0,2.25,1.0,0.75,0.5,1.0,0.75,0.75,3.0,3.0,0.25,0.5,0.0,0.75,1.0,1.5,2.5,1.75,1.25,0.75,1.0,1.5,1.0,1.25,1.75,0.75,1.0,1.0,1.75,1.75,1.25,1.75,1.5,1.25,1.25,1.5,1.75
58,1.0,1.5,1.75,3.25,2.5,1.25,0.25,0.75,0.5,1.0,2.25,3.75,3.25,2.0,0.25,1.25,0.75,0.5,2.5,3.0,2.75,2.0,0.5,1.0,0.5,1.0,1.75,2.5,2.25,1.5,0.0,0.5,0.75,0.5,0.5,2.75,2.75,0.5,0.5,0.5,1.0,1.5,1.5,2.75,2.25,1.0,0.5,1.25,1.75,1.5,1.5,1.5,1.5,1.5,1.0,1.75,1.75,1.25,1.75,1.25,1.75,1.5,1.5,2.25
59,1.25,1.5,1.25,3.0,2.25,1.0,0.25,1.25,1.0,1.25,2.75,3.5,3.0,1.75,1.0,1.0,1.0,0.75,2.25,3.25,3.0,2.0,0.75,1.0,0.0,0.5,2.0,2.25,2.0,1.25,0.5,0.25,0.75,0.5,1.0,3.0,2.75,0.5,0.5,0.25,1.5,1.25,1.5,2.75,2.0,1.0,0.75,1.0,0.75,1.5,1.25,1.75,1.25,0.75,1.25,1.5,2.25,0.75,2.0,1.75,1.5,1.25,1.5,2.25
60,0.75,1.75,0.75,3.25,2.25,1.0,0.25,0.5,0.5,1.0,2.0,3.0,3.0,1.25,0.75,0.25,0.5,0.75,2.5,3.0,2.75,1.75,0.25,1.25,0.0,0.25,1.75,2.5,2.0,1.25,0.25,0.0,0.5,0.25,0.75,2.75,2.5,0.25,0.0,0.25,1.0,0.5,1.25,2.25,1.25,1.0,0.75,1.0,1.0,1.75,1.0,1.75,0.75,0.5,1.5,1.25,1.75,1.5,1.5,0.75,1.25,0.75,1.25,1.5
61,0.75,1.5,1.5,3.5,2.0,1.0,0.5,1.0,1.0,1.0,3.0,3.75,3.0,1.75,1.0,1.0,0.75,0.5,2.5,3.0,3.25,1.75,0.75,0.75,0.0,0.75,2.5,3.0,2.5,1.0,0.75,0.0,0.25,0.5,0.75,3.0,3.0,0.5,0.25,0.5,0.75,1.25,1.5,2.5,1.25,1.0,0.5,1.0,1.25,1.25,1.25,1.75,0.75,1.25,1.25,1.25,2.25,1.25,2.0,0.75,1.25,1.5,1.5,1.75
62,0.0,1.75,0.75,3.0,1.75,1.0,0.0,0.25,0.0,0.5,2.5,3.25,3.25,1.25,0.5,0.5,0.25,1.0,3.0,3.25,3.0,1.0,0.25,0.5,0.0,0.25,1.5,2.25,1.5,0.75,0.0,0.25,0.5,0.25,1.0,2.75,2.5,0.25,0.25,0.0,0.75,0.75,1.5,2.5,1.5,0.75,0.25,1.0,1.0,1.0,1.25,1.5,0.25,0.75,0.75,1.25,1.25,1.0,1.5,1.5,0.75,1.25,1.25,2.0
63,1.25,2.25,1.75,3.75,1.75,1.5,0.25,0.5,0.75,1.5,2.75,3.75,3.5,1.75,1.75,1.25,0.75,0.25,2.5,3.5,3.0,1.75,1.0,0.5,0.5,1.0,2.25,2.75,2.25,1.5,0.5,1.0,0.5,0.25,1.0,3.25,2.75,0.0,0.25,0.25,1.5,0.5,2.25,2.75,1.75,1.0,0.5,1.25,1.5,1.5,1.5,1.5,1.25,1.0,1.25,1.75,2.25,1.75,1.75,1.5,2.0,1.5,2.0,1.75
64,1.0,1.75,1.25,3.5,1.25,1.0,0.25,0.5,0.25,1.25,2.5,2.75,2.0,1.25,0.75,0.5,1.0,0.75,2.75,3.0,3.25,1.0,1.0,1.0,0.0,0.5,1.75,2.75,2.25,0.5,0.0,0.0,0.5,0.0,0.75,3.25,2.25,0.25,0.0,0.0,1.0,1.0,1.5,2.25,1.75,0.5,0.5,1.25,1.5,2.0,1.5,2.0,1.0,1.0,1.25,1.5,1.5,1.0,1.75,1.25,0.75,1.25,1.5,1.5
65,0.75,1.75,1.0,3.5,1.5,1.0,0.25,0.75,1.25,1.0,2.75,3.25,2.5,1.0,1.25,1.0,0.75,0.25,3.0,3.25,3.25,1.5,0.5,1.0,0.25,0.25,1.75,3.0,1.75,0.5,0.5,0.0,1.0,0.25,0.75,2.75,2.75,0.25,0.75,0.5,1.5,0.75,1.5,3.0,1.5,0.75,0.5,0.75,1.75,1.5,1.25,1.75,1.25,1.0,1.0,1.75,2.25,1.25,1.75,1.5,1.5,1.25,1.5,2.25
66,1.25,1.75,1.0,2.75,2.5,1.25,0.75,0.5,1.25,1.5,2.5,3.5,2.75,1.25,1.25,1.25,0.75,0.5,2.0,3.25,3.0,1.75,1.0,1.25,0.25,0.25,1.0,2.75,2.25,1.25,0.0,0.25,0.75,0.5,0.0,2.25,2.75,0.75,0.5,0.5,1.25,0.5,1.75,2.0,1.75,0.75,1.0,0.75,1.25,1.5,1.25,1.75,1.25,1.0,1.25,2.0,2.0,1.25,1.75,1.25,1.25,1.25,1.0,2.0
67,0.5,1.75,1.25,1.25,3.75,1.5,0.25,1.25,1.0,0.75,1.75,2.5,3.0,2.5,1.25,1.25,0.5,0.25,1.25,2.5,3.5,2.75,1.5,0.75,0.75,0.75,0.25,2.0,2.75,2.5,1.0,0.5,1.0,0.5,0.0,1.5,2.75,1.5,0.5,0.5,1.75,0.75,1.0,2.0,1.75,1.5,1.0,1.0,1.25,1.25,1.25,1.25,1.25,1.25,1.5,1.75,1.5,1.5,1.5,1.75,1.25,1.5,1.75,2.0
68,0.75,1.25,1.0,1.5,3.5,1.75,0.5,0.75,1.0,1.0,1.5,1.75,3.5,3.25,1.5,1.25,1.0,0.0,1.5,2.5,3.5,3.0,1.25,1.25,1.0,1.0,1.0,2.25,2.75,2.5,0.75,0.5,0.75,0.75,0.0,1.75,3.25,1.5,0.25,1.0,1.5,1.0,1.25,2.0,2.25,1.5,0.5,1.5,1.5,1.75,1.25,1.25,1.25,1.25,1.5,2.0,2.5,2.0,2.25,1.5,2.0,2.0,1.75,2.5
69,0.0,1.5,1.25,1.0,3.0,1.25,0.25,0.75,1.0,0.5,1.75,2.0,3.0,2.0,1.75,1.0,0.5,0.25,0.5,2.5,3.5,2.5,1.0,1.0,0.5,0.5,0.25,2.25,2.25,2.0,1.0,0.25,0.75,0.25,0.25,1.75,2.75,0.75,0.5,0.25,1.0,0.5,1.25,2.0,2.0,1.0,0.75,1.0,1.5,1.25,1.25,1.75,1.0,1.5,1.5,1.5,2.25,1.5,1.5,1.25,1.25,1.5,1.75,1.75
70,0.75,1.75,0.75,2.0,3.0,1.25,0.25,0.75,1.25,1.0,1.75,3.0,3.5,1.25,1.0,1.5,0.75,0.5,0.75,3.25,3.5,1.75,1.0,1.0,0.0,0.5,1.0,2.25,2.5,1.25,0.25,0.75,1.25,0.5,0.25,2.0,2.75,0.5,0.25,0.75,1.25,1.0,1.75,2.25,2.25,1.0,0.5,0.75,1.75,2.0,0.75,1.5,1.5,1.0,1.5,2.0,2.25,2.0,2.0,1.5,1.5,1.25,2.25,2.0
71,0.5,1.5,1.25,1.75,2.5,1.0,0.0,1.5,1.25,1.5,2.25,2.75,3.5,2.5,1.75,1.5,0.5,0.75,1.25,3.25,3.25,1.5,0.75,0.75,0.5,0.5,1.25,2.75,2.75,1.25,1.0,0.75,1.25,0.25,0.25,2.25,2.75,0.75,0.75,0.75,1.0,1.0,1.5,2.5,1.5,1.25,0.75,1.5,1.75,1.75,1.25,1.5,1.25,0.75,1.5,1.25,2.25,1.75,2.0,2.0,1.5,2.0,2.0,2.5
72,0.75,2.0,1.0,2.25,2.25,1.75,0.25,0.25,1.5,0.75,2.0,2.5,3.25,1.5,1.25,1.0,0.75,0.0,1.5,3.25,3.25,1.5,0.5,1.25,0.5,0.5,1.0,3.0,2.25,1.75,0.75,1.0,1.0,0.75,0.25,2.0,3.0,0.5,0.5,0.5,1.0,1.0,1.5,2.5,2.0,1.5,0.75,1.5,2.0,1.75,1.5,2.0,1.25,1.25,1.0,2.0,2.0,2.0,1.75,1.5,2.0,1.75,2.0,2.25
73,0.5,1.5,1.0,1.75,2.0,1.5,0.25,0.25,1.0,1.0,2.0,3.0,3.0,1.5,1.0,1.25,0.5,0.25,0.75,2.75,3.25,1.5,1.0,1.25,0.5,0.75,0.75,2.5,2.5,1.25,0.5,0.75,0.5,0.75,0.0,2.0,2.75,0.5,0.25,0.5,0.75,1.0,1.5,2.0,1.25,1.25,0.5,1.0,1.5,1.5,1.0,2.0,1.0,1.25,1.5,1.75,2.0,2.0,1.25,1.0,1.5,1.75,1.5,2.0
74,1.25,1.75,1.25,2.5,2.75,1.25,0.75,0.5,1.25,1.25,2.25,2.5,3.5,2.0,1.25,1.0,1.0,1.0,1.25,3.5,3.5,1.5,1.0,1.25,0.0,0.75,0.5,3.0,2.25,1.25,1.0,0.5,1.0,0.5,0.5,2.5,3.0,0.5,0.25,1.0,1.0,1.25,1.75,2.25,1.75,1.25,1.0,1.75,2.0,2.0,1.5,2.0,1.25,1.0,1.75,1.5,3.0,1.75,2.5,2.0,2.25,2.25,2.0,2.25
75,0.75,1.75,1.0,1.75,2.75,1.5,0.25,1.5,0.5,0.25,1.75,3.0,3.5,1.75,1.25,1.25,0.75,0.25,1.0,3.0,3.25,1.5,1.0,1.0,0.0,0.5,0.75,2.75,2.25,1.25,0.25,0.25,0.75,0.0,0.25,2.25,3.0,0.5,0.25,0.5,1.25,1.25,1.5,2.0,1.75,1.25,0.75,1.75,1.25,1.75,1.5,1.75,1.25,1.5,0.75,2.5,1.75,1.5,1.5,1.75,1.5,2.0,1.25,2.5
76,1.25,2.25,2.0,2.25,3.0,1.75,1.0,1.75,1.25,2.0,2.0,3.5,4.0,2.75,1.75,2.0,0.0,1.0,0.5,4.0,3.0,2.75,1.0,1.25,0.75,1.0,1.5,3.25,3.25,2.25,1.0,1.25,1.5,1.0,0.75,2.25,3.5,1.25,0.75,1.25,2.0,0.75,2.25,2.25,2.5,1.5,1.75,1.5,2.0,2.0,2.25,2.25,1.75,2.0,1.5,2.75,3.5,2.25,2.0,2.25,2.0,2.0,2.25,3.25
77,1.75,3.0,2.5,2.5,3.75,3.0,1.75,2.0,1.75,1.25,3.5,3.0,5.0,2.75,2.5,2.25,2.0,2.0,2.25,4.5,4.75,3.0,2.25,2.25,0.0,1.75,1.5,4.0,3.5,3.5,1.5,2.25,2.5,1.75,1.5,3.25,4.25,2.25,1.25,2.5,2.25,2.5,2.75,3.5,3.25,2.75,1.75,2.25,2.75,2.75,2.5,3.0,2.5,2.5,2.5,3.25,3.0,2.75,3.25,3.0,2.75,2.75,2.75,3.5
78,3.25,4.5,3.75,4.25,5.5,4.25,2.75,3.5,0.0,3.75,2.75,5.0,4.5,4.75,2.25,4.0,3.25,3.5,3.5,6.0,6.25,5.0,3.75,3.75,2.75,3.25,3.25,5.25,5.0,4.25,3.5,3.25,3.25,3.5,3.0,4.5,5.75,3.5,3.0,3.25,4.25,3.75,4.25,4.75,4.5,4.0,3.5,4.0,4.5,4.5,4.0,4.75,4.0,4.0,4.5,4.5,5.25,4.5,4.75,4.25,4.75,4.25,4.25,5.25
79,0.5,1.25,1.25,1.25,3.5,1.25,0.5,0.0,0.5,0.75,1.5,2.5,3.25,2.0,1.25,1.5,1.0,0.75,1.0,3.0,3.25,2.0,1.0,1.0,0.25,0.5,0.75,2.75,2.0,1.5,0.25,0.25,0.75,0.25,0.0,1.25,2.75,0.25,0.5,0.5,1.75,1.0,1.5,2.25,1.75,1.25,0.75,1.5,1.75,1.0,1.0,1.5,1.0,1.0,1.25,2.0,1.25,1.5,2.0,2.0,1.5,1.5,1.5,2.0
80,1.0,2.0,1.25,1.0,3.25,1.5,0.0,0.25,0.75,0.5,1.75,2.25,3.5,1.75,1.25,1.0,0.5,0.5,1.0,2.75,3.5,2.0,1.0,1.5,0.0,0.0,0.25,2.25,2.25,1.75,0.75,0.25,0.75,0.5,0.5,1.25,3.0,0.75,0.25,0.25,1.0,1.0,1.25,1.75,2.0,1.5,0.75,0.75,1.25,1.0,1.5,1.25,1.25,1.25,1.5,2.0,1.5,1.75,1.25,1.5,1.25,1.5,1.0,2.25
81,1.25,1.25,1.0,1.25,3.25,1.5,0.75,1.0,0.25,1.25,1.75,2.0,3.5,2.5,1.25,1.25,0.75,0.75,0.75,3.0,3.75,2.5,1.0,1.75,0.25,0.5,0.75,1.75,2.25,1.75,0.5,0.0,0.5,0.5,0.25,1.25,2.75,1.0,0.75,0.75,1.5,0.75,1.5,2.0,2.0,1.0,0.75,1.5,1.25,1.0,1.25,2.0,1.25,1.0,1.5,1.5,2.25,2.0,1.5,1.25,1.25,1.75,1.25,1.75
82,0.25,1.5,0.75,1.25,2.25,1.5,0.75,1.0,0.75,0.5,0.75,1.75,3.25,2.25,1.25,1.0,0.25,0.5,0.75,2.0,3.25,2.75,0.75,1.0,0.25,0.0,0.5,1.75,2.5,2.25,0.5,0.75,0.5,0.0,0.0,1.25,2.75,0.75,0.25,0.25,1.5,0.75,1.25,2.25,1.75,1.75,0.5,1.25,1.25,1.0,0.75,1.5,0.75,1.0,1.0,1.5,1.75,1.25,1.25,1.0,1.25,1.5,1.5,2.0
83,1.0,1.5,1.25,1.25,2.5,1.75,0.75,1.25,1.25,1.0,1.75,1.5,3.75,2.75,1.5,1.5,1.0,0.75,1.0,2.25,3.75,3.0,1.25,1.75,0.5,0.75,0.75,2.0,3.0,2.25,1.0,1.0,1.25,0.25,0.0,1.5,3.25,1.0,1.0,0.75,1.25,1.0,1.0,2.0,2.0,1.5,1.0,1.75,1.0,1.75,1.5,1.5,1.75,1.5,2.0,2.25,1.75,2.0,1.75,1.5,1.0,1.5,2.0,2.25
84,0.75,1.25,1.25,1.0,2.5,2.0,0.75,1.0,1.25,0.75,1.75,1.25,3.5,3.0,1.75,1.0,0.5,0.0,0.75,2.5,3.25,2.5,1.25,1.5,0.5,0.5,0.5,2.0,2.5,2.25,1.25,0.0,1.5,0.25,0.25,1.25,3.0,1.0,1.0,1.25,1.5,1.0,1.75,2.25,2.0,1.5,0.5,1.25,1.5,1.5,1.5,1.75,1.25,1.25,1.5,1.75,2.0,1.5,1.75,1.75,2.0,1.5,1.75,2.0
85,0.5,1.75,1.5,1.0,2.25,2.0,1.0,1.5,1.0,1.5,2.25,1.75,3.5,2.75,1.75,1.25,0.75,0.75,1.25,2.0,3.25,3.0,1.25,1.75,0.0,0.25,0.25,2.25,2.75,2.5,1.0,0.25,1.0,0.75,0.0,1.5,3.0,0.75,1.0,1.25,1.75,1.0,1.5,2.5,1.75,1.75,1.0,2.0,2.0,1.5,1.75,1.5,1.5,1.25,1.5,2.25,1.25,2.0,2.0,1.25,1.75,1.5,1.5,2.25
86,1.0,1.25,1.0,1.0,2.25,1.75,0.5,1.0,1.0,0.5,1.75,1.75,3.25,2.25,1.25,1.5,0.5,0.0,0.75,2.25,3.25,2.25,0.75,1.0,0.75,0.75,0.5,2.25,2.25,2.0,1.0,0.5,0.75,0.25,0.25,1.5,2.75,0.75,0.25,0.75,1.0,0.75,1.0,2.25,2.0,1.25,1.0,1.75,1.25,1.5,1.0,1.0,1.0,1.25,1.0,1.25,2.5,1.25,1.75,1.5,1.5,1.25,1.25,2.25
87,0.5,1.75,0.5,1.0,2.75,1.5,0.5,1.0,1.0,1.25,1.0,1.75,3.75,2.0,1.75,1.25,0.5,0.5,1.0,2.5,3.25,2.0,1.0,1.0,0.75,0.25,0.5,2.75,2.25,1.25,0.75,0.5,0.5,0.25,0.0,1.75,3.0,0.5,0.5,0.75,1.0,1.0,1.0,1.75,2.0,1.0,0.75,1.5,1.5,1.25,1.25,1.5,1.25,1.5,1.5,2.0,2.25,1.75,1.25,1.5,1.25,1.75,1.75,2.0
88,0.0,1.5,0.75,0.75,1.25,1.25,0.0,0.75,0.75,0.75,1.25,2.75,2.75,1.5,0.75,1.0,0.0,0.25,1.0,2.5,3.0,0.75,0.5,1.0,0.5,0.25,0.5,3.0,2.0,0.75,0.5,0.25,0.75,0.25,0.25,2.0,2.0,0.25,0.25,0.0,1.5,1.25,1.25,2.0,1.25,1.0,0.5,1.25,1.25,1.5,1.0,1.75,1.25,0.5,1.0,1.25,1.25,1.0,1.25,1.0,1.0,1.0,1.75,1.75
89,0.25,1.75,0.75,2.25,1.0,0.75,0.0,0.75,0.5,1.0,2.0,3.5,2.75,1.25,1.25,1.0,0.5,0.75,1.75,3.25,3.0,0.75,0.25,1.25,0.5,0.5,1.5,2.75,2.0,0.0,0.5,0.75,0.5,0.5,0.0,2.5,2.25,0.0,0.5,0.25,1.0,1.25,1.0,2.5,1.5,1.25,0.75,1.5,2.0,1.75,1.5,2.0,1.25,1.5,1.25,1.75,2.75,1.5,1.75,1.75,1.5,1.0,1.5,1.75
90,0.5,2.0,1.5,2.25,1.25,1.25,0.5,1.0,1.25,1.5,2.25,3.75,2.5,1.25,1.5,1.25,1.0,0.5,1.5,3.75,3.5,1.25,1.0,1.25,0.0,1.0,1.5,3.0,2.25,0.5,0.5,0.5,1.0,0.25,0.75,2.5,2.5,0.0,0.5,0.75,1.25,1.25,1.75,3.0,1.5,1.25,0.75,1.5,1.5,1.5,1.0,2.25,1.75,1.75,1.5,2.0,2.0,1.5,1.75,1.5,1.5,2.0,1.75,3.0
91,0.0,1.75,1.0,1.75,1.0,1.5,0.25,1.0,1.0,1.25,1.75,3.0,2.5,1.25,1.0,1.5,0.75,0.75,1.75,3.5,3.25,1.0,0.75,1.0,0.5,0.75,1.25,2.75,2.25,0.25,0.75,0.75,1.0,0.75,0.5,2.25,2.0,0.0,0.5,0.25,1.0,1.0,1.5,2.25,1.5,1.0,0.25,1.5,1.5,1.25,1.75,1.75,1.0,1.0,1.75,1.5,2.0,1.5,1.5,2.25,1.75,1.25,1.75,2.0
92,1.5,1.5,1.0,2.25,1.5,1.5,0.5,1.25,1.0,1.0,1.75,3.0,3.0,1.5,1.75,1.75,1.0,0.75,1.75,3.5,3.5,1.25,0.75,1.0,0.0,0.75,1.5,3.0,3.0,0.75,0.75,0.75,1.25,0.75,0.75,2.25,2.25,0.5,0.5,0.5,1.25,1.0,1.5,2.75,2.0,1.5,1.0,1.5,1.75,1.5,2.0,2.0,1.25,1.5,1.5,2.25,2.25,1.75,2.0,1.75,2.0,1.5,2.25,2.0
93,0.75,1.75,1.5,2.0,1.25,1.0,0.25,0.5,1.25,1.0,2.25,3.0,2.75,1.25,1.25,1.25,1.0,0.0,1.75,3.0,3.25,0.75,0.75,0.75,0.25,0.75,0.75,2.75,2.0,0.75,0.5,1.25,0.75,0.5,0.25,2.25,2.5,0.25,0.5,0.75,1.25,1.0,1.0,2.25,1.75,1.0,1.5,1.5,1.75,1.75,1.5,2.0,1.0,1.5,1.0,2.0,2.0,1.5,1.5,1.5,1.0,1.75,1.5,1.75
94,0.25,1.5,0.75,2.0,1.5,1.25,0.25,0.75,0.5,1.25,1.75,2.75,2.75,1.5,1.5,1.0,1.0,0.5,1.5,3.0,3.0,0.75,1.5,1.0,0.75,0.5,0.75,3.0,2.75,0.75,0.5,0.75,0.75,0.25,0.5,2.25,2.75,0.0,0.25,0.25,1.25,0.75,1.75,2.0,1.5,1.25,0.5,1.0,1.25,1.5,1.5,2.0,1.25,1.25,1.25,2.0,1.75,1.5,1.75,1.5,1.75,1.0,1.5,2.25
95,0.75,1.5,1.25,1.75,1.5,1.25,0.5,1.0,1.25,1.25,2.0,2.75,3.0,1.75,1.25,1.25,0.75,0.75,1.5,3.25,3.5,1.0,0.75,1.0,0.5,0.75,0.75,2.75,2.25,0.5,0.75,0.25,1.0,0.5,0.75,2.0,2.0,0.25,0.0,0.5,1.5,1.25,1.5,2.5,1.75,1.5,1.0,1.75,1.75,1.75,1.5,1.75,1.25,1.25,1.0,2.0,2.25,1.75,1.5,2.0,1.5,2.0,1.75,1.75
96,1.25,1.75,1.25,1.75,1.5,1.25,0.75,1.5,1.25,1.5,1.5,2.25,3.0,1.5,1.25,1.0,0.25,0.5,1.5,3.25,3.75,1.25,0.75,0.75,0.5,0.0,0.75,2.25,2.25,0.5,1.0,0.25,0.75,0.5,0.0,2.0,2.5,0.25,0.25,0.75,1.75,1.0,1.75,2.0,2.0,1.5,1.0,1.5,1.25,1.25,1.5,1.75,1.75,1.25,1.25,1.75,2.0,1.75,1.75,1.5,2.25,1.25,2.5,1.5
97,1.5,1.75,1.25,2.0,2.0,1.75,1.0,1.25,1.5,1.25,2.0,3.0,3.25,2.0,1.75,1.75,1.0,1.0,1.25,3.0,4.25,1.75,1.0,1.25,0.5,1.0,1.5,2.75,2.75,1.5,1.0,1.0,0.75,1.0,1.0,2.0,3.0,0.75,0.0,0.75,1.75,1.25,1.75,2.5,2.25,1.5,1.25,1.5,1.75,1.5,1.75,2.0,1.75,1.0,1.75,2.5,2.25,2.25,2.25,1.75,2.0,1.75,2.0,2.75
98,1.0,1.5,1.0,1.25,2.25,1.25,0.5,1.0,0.75,1.0,1.75,1.75,3.5,2.0,1.0,1.5,1.0,0.25,1.0,2.75,3.5,1.75,1.0,1.0,0.25,0.75,0.75,2.25,2.25,1.5,0.5,0.25,1.0,0.5,0.0,1.75,2.25,0.5,0.0,0.5,1.25,1.25,1.25,2.0,2.0,1.25,0.5,1.25,2.0,1.75,1.5,1.5,1.25,1.0,1.75,2.0,2.0,1.75,1.5,1.5,1.5,1.75,1.25,2.0
99,1.0,1.25,1.0,0.5,2.25,1.25,0.25,0.5,0.75,0.25,1.25,1.75,3.5,1.75,0.75,1.0,0.5,0.25,0.5,2.5,3.25,1.75,0.75,0.75,0.0,0.0,0.5,2.25,2.0,1.25,0.25,0.25,0.5,0.25,0.25,1.25,2.5,0.75,0.5,0.75,1.0,0.5,1.25,2.0,1.5,1.0,0.5,1.25,1.0,1.0,1.0,1.75,0.75,0.75,0.75,1.5,2.25,1.75,1.5,0.75,0.5,0.75,1.5,2.0
100,1.0,1.5,0.75,1.0,3.0,1.5,0.75,1.0,0.75,1.25,1.25,2.0,3.0,2.0,1.25,1.25,1.25,0.5,1.25,2.5,3.25,2.0,1.0,0.75,0.5,0.5,0.5,2.25,2.25,1.5,0.75,0.75,0.5,0.5,0.0,2.0,2.75,0.5,0.5,0.75,1.25,0.75,1.25,2.25,1.75,1.75,1.0,1.25,1.75,1.5,1.5,2.0,1.0,1.25,1.0,2.25,2.0,2.0,2.25,1.25,1.25,1.25,1.75,2.25
101,1.75,1.75,1.75,1.0,3.0,1.25,0.75,0.75,1.5,1.25,1.5,2.75,3.0,1.75,1.25,1.0,0.75,0.75,1.0,3.25,3.25,2.0,1.0,1.25,0.5,1.0,1.0,2.75,2.25,1.0,0.5,0.25,0.75,0.5,0.5,2.25,2.5,0.0,0.75,0.75,1.25,0.75,1.75,2.75,1.75,1.5,1.25,1.25,1.75,1.5,1.5,2.0,1.25,1.5,1.25,1.75,2.25,1.25,2.0,1.25,1.25,1.0,1.75,2.25
102,1.0,1.25,1.5,2.25,2.25,1.25,0.0,0.75,1.25,0.75,2.5,3.0,3.25,1.75,1.0,0.75,0.75,0.75,2.5,3.25,3.0,1.75,1.0,1.0,0.25,0.5,1.5,3.0,2.25,1.0,0.25,0.5,0.75,0.5,0.5,2.5,3.0,0.0,0.75,0.5,1.0,1.0,2.0,2.5,2.0,1.25,0.75,1.75,1.75,1.5,1.25,1.5,1.5,1.0,1.0,1.75,1.5,1.25,1.5,1.0,1.5,1.25,1.75,1.75
103,1.0,2.5,1.5,3.5,2.25,1.5,0.0,1.25,1.0,1.25,2.25,3.5,3.25,1.75,1.5,1.75,1.0,0.75,3.0,3.25,3.0,1.75,1.25,1.0,0.75,1.0,1.75,2.75,3.0,1.25,1.25,0.0,0.5,0.75,0.75,3.25,3.0,0.25,0.5,0.75,1.5,2.0,2.0,2.25,2.0,1.5,1.0,1.5,1.75,1.5,1.25,2.0,1.25,1.25,1.75,2.0,2.0,1.75,2.5,1.75,1.75,1.5,1.75,2.25
104,1.0,1.25,1.5,2.75,2.5,1.5,0.0,0.75,0.5,0.75,2.0,3.75,3.25,2.0,1.25,1.5,0.0,0.5,2.0,3.5,2.75,2.0,0.75,1.25,0.25,0.5,1.5,2.25,1.75,1.0,0.25,0.0,1.0,0.0,0.5,2.5,2.5,0.5,0.5,0.75,1.0,0.75,1.75,2.5,2.0,1.0,0.75,1.0,1.25,1.75,1.25,2.25,1.5,1.25,1.0,1.5,2.25,1.25,1.75,1.25,1.25,1.5,2.0,2.0
105,0.75,1.5,1.25,2.75,2.25,1.25,0.0,0.75,1.25,1.25,2.0,3.25,2.75,1.75,1.0,1.5,0.5,0.75,1.75,3.25,3.0,2.5,0.75,1.0,0.0,0.75,1.5,2.75,2.5,1.75,0.5,0.75,0.75,0.0,0.25,2.25,2.5,0.75,0.25,0.0,1.0,1.0,1.5,2.5,1.75,1.5,0.5,1.5,1.5,1.5,1.5,1.75,1.25,1.25,1.0,2.25,2.0,1.75,1.75,1.25,1.25,1.25,1.5,1.75
106,1.0,2.0,1.0,2.5,2.25,1.25,0.5,1.0,1.0,1.0,2.25,3.0,3.25,1.75,1.0,0.75,0.75,0.5,2.0,2.75,3.0,2.5,0.25,0.75,0.5,0.75,1.25,3.0,2.0,1.5,1.0,0.5,0.5,0.25,0.5,2.75,3.0,0.25,0.0,1.0,0.75,0.75,1.25,2.0,2.0,0.75,0.5,1.25,1.75,2.0,1.25,1.5,1.0,1.25,1.0,2.0,2.0,1.25,1.5,1.25,1.5,1.0,1.5,1.75
107,1.0,2.25,1.75,2.75,2.75,1.5,0.5,0.75,0.75,1.0,2.25,3.25,3.75,1.75,1.5,1.5,0.25,1.0,2.25,3.25,3.5,2.5,1.25,1.0,0.25,1.0,1.5,3.0,2.0,1.5,0.5,0.25,0.75,0.5,0.5,3.0,2.75,0.0,0.5,0.75,1.75,1.25,1.75,2.5,2.25,1.25,0.75,1.75,1.75,1.25,2.0,1.5,1.5,1.5,1.25,1.75,2.25,2.5,2.5,2.25,2.25,1.5,1.75,1.75
108,1.25,1.25,1.0,2.5,2.25,1.0,0.25,0.5,1.0,1.25,2.0,3.5,3.0,1.5,1.0,0.5,0.75,0.25,2.25,2.75,2.75,2.0,1.25,1.25,0.75,0.75,1.75,2.5,2.0,1.5,0.75,0.75,0.5,0.5,0.5,2.75,2.75,0.5,0.75,0.0,1.5,1.0,2.0,2.25,1.75,1.0,0.75,1.5,2.0,1.5,1.25,1.75,1.0,1.0,1.0,2.0,2.5,2.0,1.25,1.25,1.25,2.0,1.75,2.0
109,1.0,1.0,1.5,2.25,2.25,1.0,0.25,0.5,1.0,0.75,2.25,3.0,3.25,2.0,1.0,1.0,0.5,0.5,2.25,3.0,3.5,2.0,1.0,1.0,0.0,0.25,1.5,2.5,2.0,1.75,0.5,0.5,0.5,0.25,0.75,2.5,3.0,0.5,0.75,0.25,1.0,1.25,1.25,2.5,1.75,1.25,0.5,1.25,1.25,1.75,1.5,1.75,1.5,1.25,1.75,1.5,2.0,1.25,1.75,1.75,1.75,1.25,1.75,2.25
110,1.0,1.75,1.5,2.75,2.5,1.5,0.25,0.25,1.0,1.0,2.25,3.5,3.75,2.0,1.0,1.0,0.75,0.75,2.5,3.5,3.25,2.5,1.25,1.5,0.25,0.75,1.75,2.25,2.25,1.75,1.0,0.5,1.0,0.75,0.5,3.0,2.5,0.5,0.0,0.5,1.25,0.75,1.75,2.5,1.75,1.25,1.0,1.5,1.5,1.75,1.5,2.0,1.25,1.25,1.25,1.75,2.0,1.75,2.0,2.0,2.0,2.0,2.0,2.5
111,1.25,2.0,1.25,3.0,3.0,2.0,0.0,1.0,1.25,1.0,2.5,3.5,4.0,1.75,1.5,1.0,0.75,0.75,2.25,3.25,3.25,2.25,1.25,1.25,0.75,0.5,2.0,3.0,2.0,1.75,0.5,0.75,1.5,0.5,1.0,2.75,2.75,0.75,0.75,1.0,2.0,1.5,1.75,2.5,2.25,1.0,0.5,1.75,1.75,1.5,1.5,1.75,1.25,1.25,1.75,2.0,2.5,1.25,2.25,1.75,2.0,1.5,2.25,2.75
112,1.0,1.25,1.75,2.5,2.5,0.75,0.5,0.0,0.75,1.0,2.5,3.25,3.25,1.75,1.25,0.75,0.75,0.75,2.5,3.25,2.75,1.5,1.0,0.5,0.5,0.5,2.0,2.5,2.0,1.25,0.5,0.25,1.25,0.75,0.75,2.5,2.75,0.25,0.0,0.25,1.0,0.5,1.25,2.0,1.75,0.75,0.75,1.5,1.5,1.75,1.5,1.75,1.0,0.75,1.25,1.25,2.25,2.0,1.75,0.75,1.75,1.25,1.5,1.5
113,0.0,1.25,0.75,2.5,2.0,1.0,0.0,0.25,0.25,0.75,2.0,3.25,3.25,1.25,1.25,1.0,0.25,0.25,2.25,3.0,3.0,2.0,0.75,0.25,0.25,0.25,1.5,2.0,1.75,1.0,0.25,0.0,0.5,0.25,0.5,2.5,2.25,0.0,0.25,0.25,0.75,1.25,1.25,2.25,1.5,1.0,0.5,0.75,1.5,1.25,1.0,1.25,0.75,1.0,1.5,1.5,1.5,0.75,1.25,1.5,1.25,1.25,1.75,1.5
114,1.0,1.5,1.0,3.75,1.75,1.0,0.25,0.75,1.0,1.0,2.25,3.5,2.5,1.5,0.5,0.75,1.0,0.25,2.75,3.5,3.25,1.75,0.75,1.0,0.0,0.5,1.75,2.25,2.25,1.25,0.5,0.0,0.5,0.5,0.75,2.5,2.25,0.25,0.0,0.25,0.5,0.75,1.5,2.25,1.75,0.75,0.75,0.75,1.5,1.5,1.0,1.75,1.25,1.0,0.75,1.25,1.75,1.5,1.75,0.75,1.25,1.5,1.5,1.5
115,0.5,1.25,1.0,3.5,1.5,1.25,0.5,0.75,0.5,1.5,2.5,3.0,3.0,1.5,1.25,1.0,0.75,0.5,3.0,3.0,3.25,1.25,1.0,1.0,0.5,1.0,2.0,2.75,2.5,0.75,0.5,0.0,0.75,0.5,0.75,3.0,2.0,0.5,0.5,0.25,1.0,0.75,1.75,2.75,1.75,0.75,0.75,0.75,1.75,1.5,1.5,1.75,1.0,1.0,1.0,2.0,2.25,1.75,1.5,1.25,1.25,1.5,1.5,1.25
116,0.75,2.0,1.75,4.25,1.5,1.25,0.25,1.25,1.25,1.5,3.25,3.75,3.0,1.75,1.25,0.5,0.5,0.75,3.5,3.5,3.5,1.0,0.5,1.25,1.25,1.0,2.5,3.0,2.5,0.75,1.0,0.5,0.75,0.5,1.5,3.0,2.5,0.0,0.75,0.25,1.5,1.0,1.75,2.75,1.75,0.5,1.0,1.5,2.0,1.75,1.75,1.5,1.25,1.5,1.25,1.75,2.25,2.0,1.75,1.75,1.5,1.5,1.5,2.5
117,1.0,1.5,1.25,3.75,1.25,1.0,0.25,0.25,0.5,1.0,2.5,3.0,2.5,1.0,0.5,0.5,0.25,0.5,3.0,2.75,3.0,0.75,0.75,0.5,0.5,0.5,1.75,2.0,2.0,0.75,0.0,0.0,0.5,0.5,0.5,2.75,2.0,0.0,0.0,0.0,1.25,0.75,1.5,2.25,1.25,0.75,0.5,0.5,1.0,1.25,1.0,1.75,0.75,0.75,1.0,1.0,2.0,1.0,1.5,1.0,1.25,1.25,1.5,1.5
118,0.75,1.5,2.0,4.0,2.25,1.25,0.5,0.75,0.5,1.75,3.0,4.0,2.75,1.75,1.25,1.0,1.0,0.25,3.5,3.5,3.25,1.75,0.75,0.5,0.0,0.75,2.25,2.5,2.5,1.0,0.5,0.5,0.75,0.25,1.0,3.25,2.25,0.5,0.5,0.5,1.25,1.0,2.0,2.75,2.25,1.5,1.0,1.0,1.5,2.0,1.5,1.75,1.5,1.0,1.0,2.0,2.25,1.25,2.0,1.75,1.25,1.75,1.5,2.25
119,1.0,1.5,1.25,2.75,3.25,1.5,0.25,0.5,1.0,1.0,2.25,3.25,3.25,2.25,1.25,1.25,0.0,0.5,3.0,3.0,3.0,2.5,1.0,0.75,0.5,0.25,1.75,2.5,2.5,2.25,0.25,0.25,0.5,0.25,0.5,2.75,2.25,1.0,0.5,0.5,1.0,1.25,1.5,2.5,2.0,0.75,0.5,1.5,1.25,1.0,1.25,1.75,0.75,1.0,1.0,1.5,2.0,1.0,1.75,1.25,1.25,1.75,1.25,1.75
120,0.25,1.25,1.5,3.0,3.25,2.0,0.25,0.75,0.25,1.0,2.0,2.75,3.75,2.5,1.0,1.0,0.25,0.75,2.5,2.75,3.25,2.5,1.25,1.0,0.0,0.5,1.5,2.0,2.0,2.0,0.75,0.5,0.75,0.5,0.5,2.75,3.0,1.0,0.5,0.25,0.75,0.5,1.75,2.25,1.75,1.25,0.5,1.0,1.5,1.25,1.5,1.5,1.0,1.0,1.5,1.5,1.75,1.5,1.25,1.5,1.75,1.75,0.75,1.5
121,0.75,1.75,1.5,3.0,3.5,2.75,0.75,1.0,0.75,1.25,2.25,3.25,3.75,2.75,1.75,1.25,0.75,1.0,2.0,3.0,3.0,2.75,1.5,0.75,0.25,0.25,1.5,2.5,2.0,1.75,1.5,0.75,0.25,0.0,0.75,3.0,2.75,1.25,0.5,0.0,1.0,0.75,1.25,2.25,1.75,1.25,1.0,1.25,1.5,1.0,1.5,1.5,1.5,1.0,1.0,1.25,2.25,1.25,2.0,1.75,1.25,1.75,1.25,1.5
122,0.5,1.25,1.25,3.25,3.0,1.75,0.75,0.5,1.0,0.75,2.5,3.0,3.0,2.5,1.25,1.0,0.5,0.75,2.75,2.5,2.75,2.75,1.0,0.75,0.0,1.0,1.75,2.5,1.75,2.0,1.0,0.25,0.75,0.25,1.25,2.5,2.5,1.25,0.25,0.25,1.25,0.75,1.0,2.25,1.75,1.0,0.5,0.25,1.0,1.25,1.25,1.25,0.25,0.5,0.5,1.75,1.25,1.25,1.5,1.0,1.0,1.0,1.25,1.25
123,0.25,1.5,1.5,3.25,3.5,2.0,0.0,0.75,0.5,0.75,2.5,3.25,3.25,2.75,1.25,0.75,0.25,0.5,2.5,2.5,2.75,2.5,0.75,0.5,0.25,0.75,2.25,2.0,1.5,1.75,0.25,0.25,0.5,0.25,1.75,2.75,2.5,1.0,0.5,0.0,0.75,0.25,1.25,2.5,1.5,0.5,0.5,1.0,1.0,1.0,1.0,1.25,1.0,0.75,0.75,1.0,1.75,1.25,1.75,0.75,1.0,0.75,1.0,1.25
124,0.5,1.25,1.75,3.25,3.25,1.5,0.0,0.75,1.25,1.25,2.75,3.25,3.25,2.75,1.25,0.75,0.5,1.0,2.75,2.75,2.5,2.25,1.0,0.75,0.25,0.75,2.0,2.25,1.5,2.0,0.5,0.25,1.0,0.5,2.5,3.0,3.0,1.0,0.75,0.5,0.75,1.25,1.5,2.75,1.5,1.25,0.25,1.5,1.5,1.5,2.0,1.5,1.25,1.0,1.25,1.75,1.5,1.0,1.5,2.0,1.5,1.25,1.25,2.25
125,1.25,2.0,2.25,3.75,3.25,1.75,0.5,0.75,1.0,1.5,3.25,3.5,3.5,2.75,1.5,1.25,0.5,1.5,3.0,2.75,2.75,2.75,0.75,1.0,0.25,1.0,2.25,2.25,1.75,2.0,0.75,0.25,1.0,0.75,2.0,3.25,2.75,0.75,0.0,0.5,1.0,0.75,2.0,2.5,2.0,1.0,0.75,1.25,1.5,1.5,1.25,1.5,1.0,1.0,1.0,1.5,1.75,1.25,1.75,1.5,1.5,1.5,1.5,1.75
126,0.5,1.5,2.25,3.75,3.25,1.25,0.25,0.5,1.0,0.75,3.0,3.0,3.0,2.5,1.25,1.25,0.75,0.75,3.0,2.5,2.5,2.5,1.0,0.75,0.25,1.0,2.25,2.25,1.75,2.0,0.25,0.25,0.5,0.0,1.75,3.0,2.5,0.5,0.5,0.5,0.75,1.0,1.75,2.5,1.5,1.25,0.75,0.75,1.0,1.0,1.5,1.5,1.25,1.0,1.0,1.0,2.25,1.5,1.5,1.25,1.5,0.75,1.5,2.25
127,0.5,1.75,2.5,3.5,3.0,1.25,0.0,1.0,1.0,1.0,2.75,3.5,3.25,2.75,1.0,1.25,0.5,0.75,3.0,2.75,2.75,2.25,1.0,0.25,0.5,0.75,2.25,2.0,1.75,1.75,0.0,0.25,0.5,0.5,2.0,2.75,2.25,0.25,0.0,0.25,0.25,1.0,1.75,2.25,1.5,0.75,0.25,1.25,1.0,1.5,1.25,1.25,0.75,0.75,0.75,0.75,1.75,1.0,1.25,1.75,1.0,1.25,1.25,2.0
128,1.25,2.5,3.0,4.25,3.5,2.25,0.0,1.5,1.25,1.75,3.5,4.0,3.75,3.25,1.5,1.0,1.75,1.25,3.75,3.25,3.5,3.25,1.5,1.75,0.75,1.25,2.75,3.0,2.0,2.5,1.5,1.0,1.25,1.0,2.5,3.25,3.25,1.25,1.25,1.0,1.75,1.75,2.25,2.75,2.0,1.5,1.0,2.0,1.75,1.75,1.75,2.0,1.25,1.5,1.75,2.25,2.25,1.75,1.75,2.0,1.5,1.75,2.25,2.5
129,1.0,2.25,3.0,3.75,3.25,1.75,0.0,1.25,1.0,1.5,3.5,3.75,3.5,2.75,1.25,1.5,0.75,1.5,3.25,2.75,3.0,3.0,0.75,1.0,1.0,1.25,2.5,2.5,2.25,2.0,1.0,0.25,0.75,1.0,2.25,3.25,3.0,1.0,1.0,0.75,1.5,1.25,2.25,3.0,2.0,1.25,0.5,1.25,1.25,1.75,1.75,1.75,1.25,1.5,1.0,2.0,2.0,1.5,2.0,1.75,1.0,1.25,1.75,2.0
130,1.75,1.75,3.0,3.75,3.0,2.0,0.5,0.5,1.75,1.25,3.75,3.75,3.75,2.5,1.25,1.0,1.0,1.25,3.25,2.5,2.5,2.5,1.5,1.5,0.25,1.25,2.25,2.5,2.0,1.75,1.0,0.5,0.5,0.75,2.25,3.25,3.0,0.75,0.25,0.25,1.5,1.25,2.5,2.5,1.75,1.0,0.75,1.5,1.75,1.25,2.0,1.5,1.5,1.5,0.0,1.75,1.75,1.5,2.0,1.25,1.25,1.25,1.75,1.5
131,1.5,2.25,3.25,4.25,3.5,1.5,1.25,1.25,1.5,1.75,4.0,3.75,4.0,3.0,1.75,1.5,1.25,2.0,3.75,3.75,3.5,2.75,1.5,1.25,0.0,1.0,2.5,2.75,2.25,2.0,1.0,0.75,1.25,1.0,2.25,3.5,2.75,1.25,0.5,0.75,1.5,1.25,2.5,3.0,1.5,1.5,1.25,1.5,2.25,1.5,1.75,2.0,1.75,1.75,1.75,2.25,2.5,2.0,2.25,2.25,1.75,1.5,1.75,2.5
132,0.5,1.75,3.0,3.5,2.75,1.5,0.25,1.0,1.0,1.25,3.5,3.5,3.5,2.75,1.5,1.0,0.75,0.75,3.5,2.75,2.75,3.0,0.75,1.0,0.0,1.25,2.25,2.25,1.75,1.75,0.25,0.0,0.75,0.5,1.75,2.75,2.75,0.5,1.0,0.25,1.5,0.5,2.0,2.5,1.5,1.0,0.75,0.5,1.5,1.0,1.75,1.5,1.0,0.75,1.0,1.25,2.0,1.5,1.5,1.25,1.5,1.5,1.0,1.75
133,0.75,1.5,2.75,3.75,3.0,1.25,0.5,1.0,0.75,1.0,3.25,3.25,3.75,2.75,1.25,0.5,0.5,0.5,3.0,3.25,2.75,2.5,0.5,0.5,0.0,0.75,2.25,2.25,1.5,1.75,0.5,0.5,0.5,0.0,1.75,3.0,2.0,0.5,0.75,0.25,1.25,1.25,1.5,2.5,2.0,1.25,0.0,0.75,1.25,1.0,1.25,1.25,0.75,0.75,1.0,1.75,1.75,1.0,1.25,1.0,0.75,0.75,1.0,1.5
134,1.25,2.5,3.0,3.75,3.5,1.75,1.0,0.5,1.5,1.5,3.75,3.75,3.75,3.0,1.75,1.25,1.0,1.25,3.5,3.0,3.25,2.75,1.25,1.75,0.5,1.0,2.75,2.0,2.0,1.75,1.0,0.5,0.5,0.75,2.25,3.0,3.25,1.0,0.75,0.0,1.25,1.0,1.75,2.75,2.0,1.5,0.5,1.0,1.25,1.25,2.25,1.75,1.25,0.75,0.75,1.75,1.75,1.75,1.5,1.25,1.5,1.75,2.0,2.0
135,0.25,1.75,2.0,3.25,3.25,1.75,0.0,0.5,0.75,1.0,2.75,3.5,3.25,2.75,1.0,1.0,0.25,0.25,2.75,2.75,2.25,2.5,1.0,0.75,0.0,0.25,2.25,2.0,1.75,2.0,0.25,0.25,0.5,0.0,1.5,3.0,2.5,1.25,0.25,0.0,0.5,0.5,2.0,2.25,1.5,0.75,0.5,1.25,1.25,1.25,1.25,1.25,1.0,1.0,0.75,1.0,1.25,1.75,0.75,1.0,0.5,1.25,1.25,1.75
136,0.5,1.5,1.5,3.5,3.0,2.5,1.0,1.25,1.0,0.75,2.5,3.25,3.75,3.0,1.75,1.0,0.5,0.75,2.75,3.0,2.75,2.75,1.25,0.75,0.0,0.5,2.25,2.5,2.0,1.5,0.75,0.25,0.75,0.5,1.5,2.75,2.75,1.0,0.25,0.5,1.0,1.25,1.75,2.25,2.25,1.5,0.75,1.25,1.25,1.25,1.75,1.5,0.75,1.25,1.25,1.25,2.0,1.5,1.25,1.5,1.25,1.75,1.25,2.0
137,0.5,1.0,1.0,3.25,3.5,1.75,0.25,0.5,0.75,0.75,2.5,3.0,3.25,2.5,1.0,1.0,0.5,0.25,2.5,2.75,3.0,2.5,0.75,0.75,0.0,0.75,2.25,2.25,2.0,1.25,1.0,0.0,0.5,0.25,1.75,3.25,2.75,0.75,0.0,0.0,1.25,0.5,1.5,2.25,2.25,1.25,0.25,1.5,1.25,1.25,1.5,1.5,0.25,1.0,0.5,1.5,1.25,1.25,1.5,1.25,1.5,1.5,1.0,1.25
138,1.5,1.75,2.25,4.0,2.75,1.75,0.5,0.75,1.25,1.25,3.5,3.5,3.25,2.0,1.5,1.25,1.0,1.0,3.25,2.75,3.5,2.0,0.75,1.25,0.25,1.25,2.5,2.5,2.25,1.25,0.0,0.0,1.0,0.5,1.75,3.5,2.5,0.25,0.75,0.75,1.5,1.0,2.25,2.75,1.5,1.0,0.75,1.5,1.75,1.75,1.25,1.5,1.25,1.0,1.25,1.5,2.0,1.25,2.0,1.75,1.5,1.5,1.25,1.75
139,1.0,2.25,2.0,4.25,1.5,1.25,0.0,0.75,1.0,1.5,3.5,4.0,2.75,1.5,1.25,1.0,1.25,1.25,3.75,3.5,3.5,1.25,0.5,0.5,0.5,1.5,2.75,2.5,2.5,0.5,0.5,0.75,1.0,0.75,2.0,3.25,2.0,0.0,0.5,0.0,1.5,1.5,2.0,2.5,1.75,0.75,0.5,1.25,1.75,1.75,1.75,2.0,1.5,0.75,1.25,1.5,1.75,2.0,1.75,1.5,1.5,1.25,1.5,2.0
140,1.75,2.0,2.25,4.75,1.75,1.0,0.25,0.75,1.5,1.25,3.75,3.5,2.75,1.75,1.5,0.75,1.25,1.0,3.75,3.25,3.5,1.25,1.25,1.0,0.5,1.5,2.75,2.5,2.75,0.75,0.5,0.75,1.0,0.75,2.0,3.5,2.5,0.0,0.75,0.25,1.25,1.25,2.0,2.75,1.75,1.0,0.5,1.5,1.5,1.5,2.25,2.0,1.25,1.0,1.5,2.0,2.5,2.0,1.75,1.75,1.5,1.5,1.5,2.0
141,1.0,1.5,2.0,4.0,1.0,1.25,0.25,1.0,1.0,1.5,3.25,3.5,2.75,1.5,1.0,1.0,0.5,1.0,2.75,3.5,3.0,1.75,0.5,0.5,0.75,1.0,2.0,2.5,2.0,0.5,0.25,0.0,0.5,0.75,1.5,3.25,2.25,0.5,0.0,0.75,1.25,1.0,1.75,2.5,1.5,0.75,0.5,1.25,0.75,1.75,1.25,1.5,1.5,1.0,1.25,1.5,1.5,1.25,1.75,1.0,1.5,1.0,1.75,2.25
142,0.5,2.0,1.75,4.0,1.5,1.75,0.25,1.0,0.5,1.25,2.5,3.5,3.0,1.5,1.0,1.0,0.5,0.25,3.25,3.25,2.75,1.0,0.75,0.5,0.5,0.25,2.5,2.5,2.25,0.5,0.25,0.5,0.75,0.0,0.75,3.0,2.25,0.25,0.0,0.25,1.0,0.5,1.75,2.5,1.25,0.75,0.75,1.25,1.75,1.5,1.5,1.75,1.0,0.75,1.0,1.25,2.5,1.5,1.75,1.5,1.0,1.75,1.25,1.75
143,1.0,2.25,1.75,4.25,1.5,1.75,0.75,0.5,1.0,1.75,2.5,3.5,3.0,2.0,1.0,1.5,0.75,1.25,3.5,3.5,3.25,1.5,1.25,0.75,0.25,0.75,2.5,2.75,2.25,1.0,0.75,0.5,1.0,0.5,1.5,3.25,2.5,0.25,0.0,0.5,1.5,1.25,2.0,2.75,2.0,1.0,0.75,1.75,2.0,1.75,2.0,2.0,1.75,1.25,1.0,1.75,2.5,1.5,2.25,1.5,1.25,1.75,1.5,2.5
144,0.75,2.25,2.0,4.5,2.25,1.25,0.75,1.5,1.5,1.25,3.0,4.0,3.75,1.75,1.25,1.25,1.5,1.0,3.25,3.5,3.75,1.75,1.25,1.25,0.5,1.5,2.5,3.25,2.5,1.25,0.75,1.0,1.25,1.0,1.5,3.25,2.5,0.0,1.0,1.25,2.0,1.0,2.0,2.75,2.5,1.0,0.75,1.25,1.75,2.25,1.75,2.0,1.25,1.25,1.5,2.5,2.25,1.75,2.25,1.75,2.0,2.0,1.75,2.25
145,1.25,2.0,2.0,4.5,1.5,1.25,0.25,1.25,1.75,1.5,3.0,3.75,3.5,1.75,1.5,1.25,1.0,1.25,3.0,3.25,3.5,1.5,1.25,1.25,1.25,1.0,2.75,3.0,2.5,0.75,1.0,0.25,1.25,0.5,1.5,3.75,2.75,0.0,0.75,0.75,2.0,1.25,2.5,3.0,2.25,1.75,1.0,1.5,2.0,1.75,1.75,2.5,1.75,2.0,1.5,1.75,1.75,2.25,2.5,2.0,1.75,1.5,1.5,2.25
146,0.25,1.25,1.25,3.25,1.5,1.25,0.25,1.0,1.0,0.75,2.5,2.75,2.75,1.25,1.0,1.0,0.5,0.75,3.25,3.25,2.75,1.25,0.5,1.0,0.25,0.25,2.25,2.25,2.0,1.0,0.5,0.25,1.0,0.0,0.75,3.0,2.0,0.25,0.0,0.5,1.25,0.75,1.5,2.75,1.75,0.75,0.75,0.5,1.5,1.25,1.5,1.5,0.5,1.0,0.5,0.75,2.0,1.0,1.75,1.5,1.25,1.5,1.25,1.75
147,1.0,2.0,1.25,3.75,1.5,1.25,0.25,0.75,1.0,1.25,2.5,3.25,3.25,1.75,1.5,1.0,0.5,0.5,2.75,3.25,3.25,1.25,0.75,1.0,0.0,1.0,1.75,2.5,2.25,0.75,0.5,0.5,0.75,0.5,0.75,2.75,2.75,0.25,0.25,0.5,1.25,0.75,1.5,2.5,1.75,0.75,0.5,1.25,1.75,1.25,1.5,1.5,1.0,1.0,0.75,1.5,2.0,1.5,2.0,1.0,1.5,2.0,1.75,2.0
148,0.75,2.0,1.25,3.75,1.75,1.25,0.0,0.75,1.0,1.0,3.0,3.5,3.0,1.5,2.0,1.5,0.25,0.75,3.0,3.25,3.5,1.5,1.5,1.25,0.5,1.0,2.25,3.0,2.25,1.0,0.5,0.25,1.25,0.5,1.5,3.25,2.5,0.5,0.25,0.75,1.25,1.25,1.75,2.5,2.0,1.0,1.25,1.25,1.5,1.5,2.0,2.25,1.75,1.25,1.25,2.0,1.75,1.75,2.0,1.75,1.5,1.75,2.0,2.5
149,1.0,1.75,1.75,3.5,2.25,1.75,0.0,0.5,1.0,1.5,3.0,4.0,3.5,2.0,2.0,1.5,1.25,1.25,3.0,3.75,3.25,1.5,1.0,1.5,1.0,1.25,2.25,3.0,2.0,1.5,1.0,0.75,1.25,1.0,1.0,3.5,2.75,0.5,0.75,0.75,1.75,1.25,2.25,2.75,1.75,1.5,1.0,1.5,1.75,1.75,2.5,2.25,1.5,1.5,1.5,2.25,2.5,1.5,2.25,2.0,1.5,1.75,2.0,2.0
150,1.0,1.75,2.0,3.75,2.0,1.25,0.5,1.0,1.25,0.75,2.75,3.5,2.75,1.75,1.0,1.25,0.75,0.75,3.25,3.5,3.25,1.75,1.25,1.0,0.25,1.0,2.25,2.5,2.0,1.0,0.5,0.75,0.5,0.75,0.75,3.25,2.5,0.0,0.5,0.5,1.0,1.5,1.75,3.0,1.75,1.25,0.75,1.25,1.75,1.25,1.75,2.0,1.5,1.5,1.25,1.75,2.25,2.0,2.0,1.0,1.5,1.25,1.75,2.0
151,1.0,1.5,0.75,3.25,1.25,1.25,0.25,0.25,0.5,1.75,2.75,3.25,3.0,1.5,1.0,1.25,0.75,0.5,2.75,3.0,3.0,1.5,0.0,0.5,0.0,0.5,2.0,2.75,2.25,1.0,0.75,0.25,0.75,0.5,0.75,3.25,1.5,0.0,0.5,0.75,1.25,0.75,1.75,2.5,1.5,0.75,0.25,1.0,1.5,1.25,1.5,1.75,1.25,1.0,1.0,1.25,1.75,1.5,1.5,1.25,1.0,1.25,1.25,1.75
152,0.5,1.75,1.25,3.75,1.5,1.0,0.25,1.25,0.75,1.0,2.25,3.5,2.75,1.25,1.0,1.25,0.5,0.5,3.25,3.5,3.0,0.75,0.5,1.0,0.0,1.0,2.0,2.5,2.0,0.5,0.5,0.25,0.75,1.0,1.0,2.75,2.5,0.5,0.25,0.25,1.0,1.25,1.75,2.0,1.5,0.75,0.75,0.25,2.0,1.25,2.0,1.5,1.0,1.0,1.0,1.25,1.5,1.5,1.5,1.5,1.5,1.25,1.25,2.25
153,0.75,1.75,1.25,3.75,1.0,0.5,0.0,0.75,0.75,1.25,2.75,3.0,2.5,1.25,1.5,1.0,0.5,0.5,3.0,3.25,3.0,0.75,0.25,1.25,0.5,0.5,1.75,2.25,2.0,0.5,0.25,0.75,0.5,0.5,1.5,3.0,2.5,0.0,0.25,0.25,1.25,1.0,1.75,2.5,1.5,1.0,0.5,1.0,1.75,1.25,1.25,1.75,1.0,1.25,0.5,1.75,2.75,1.75,1.75,2.0,1.25,1.0,1.25,2.0
154,0.25,1.5,1.75,4.0,0.75,1.0,0.25,0.75,1.25,1.0,3.25,3.75,2.5,1.75,1.25,0.75,0.5,0.75,2.75,3.25,3.25,1.25,0.25,0.75,0.25,0.25,2.5,2.5,2.25,0.25,0.5,0.5,0.75,0.0,0.75,3.25,2.0,0.0,0.5,0.25,0.75,0.75,1.75,2.5,1.5,0.75,0.5,1.25,1.5,1.5,2.0,1.75,1.0,1.5,1.0,1.75,2.25,2.0,2.0,1.25,1.25,1.75,2.0,2.0
155,0.5,1.5,1.0,3.25,1.75,1.0,0.25,0.75,1.0,1.0,2.5,3.5,3.25,1.75,1.25,1.5,1.25,1.0,2.5,3.25,3.5,1.5,1.0,1.0,0.5,0.75,2.25,2.5,2.0,0.75,0.25,0.75,0.75,0.5,0.75,2.5,2.25,0.0,0.5,0.5,1.0,1.25,1.75,2.5,1.5,0.75,0.25,1.5,1.75,1.25,1.75,1.5,1.0,1.0,1.5,2.0,2.0,1.5,1.5,1.5,1.25,1.75,1.75,2.5
156,0.75,1.25,0.75,2.5,3.0,1.25,0.25,0.75,1.0,0.75,2.25,3.5,3.25,2.0,1.5,1.25,0.75,0.5,2.0,3.25,3.25,2.25,1.25,1.0,0.0,1.0,1.25,3.0,2.0,1.5,0.75,0.5,0.75,0.5,0.25,2.5,2.75,0.5,0.75,1.0,0.75,0.75,1.0,2.25,1.5,1.25,0.5,1.5,1.75,1.25,1.5,1.75,1.25,1.25,1.5,2.0,2.0,2.0,1.5,1.25,1.5,2.0,1.0,2.0
157,0.5,1.5,0.5,1.0,3.25,1.5,0.0,0.5,0.5,1.0,2.0,2.5,3.25,1.75,1.25,0.5,0.25,0.5,1.25,2.75,2.75,2.25,0.5,0.5,0.25,0.5,0.75,2.5,2.25,1.0,0.25,0.5,0.25,0.5,0.5,2.5,2.25,0.25,0.25,0.25,1.25,0.75,1.5,2.25,1.25,1.5,0.5,1.5,1.5,1.75,1.5,1.5,1.0,0.75,1.0,1.25,1.5,1.0,1.5,1.0,1.0,1.5,1.25,1.5
158,1.0,2.25,1.5,1.75,3.75,1.5,0.75,0.75,1.0,1.25,2.0,3.25,3.5,2.25,1.5,0.75,1.0,0.5,1.75,3.0,3.5,2.5,1.25,1.25,1.25,1.0,1.5,3.0,2.0,2.0,0.0,0.75,0.5,0.25,0.25,3.0,3.0,0.5,1.25,1.25,1.5,1.0,2.0,2.75,1.75,1.25,0.75,1.25,2.0,2.0,1.75,2.0,1.25,1.5,1.0,2.0,2.0,1.5,2.0,1.25,1.75,1.5,2.0,1.75
159,0.75,1.5,0.75,1.75,3.5,1.5,0.25,0.5,1.0,1.25,1.75,3.0,3.5,2.0,1.25,0.75,0.5,0.75,0.75,3.0,3.0,2.0,0.5,1.0,0.25,0.0,0.5,2.25,1.75,1.0,0.5,0.0,0.0,0.25,0.25,2.25,2.5,0.25,0.25,0.25,0.5,1.0,1.25,2.0,1.75,0.75,0.75,1.0,1.5,1.25,1.0,1.5,0.5,1.25,0.75,1.5,2.0,1.25,2.0,1.0,1.5,1.75,1.75,1.75
160,0.75,1.75,0.5,1.5,3.25,1.0,0.5,0.75,1.0,0.75,1.75,3.0,3.25,1.5,1.25,0.75,0.25,0.25,1.75,3.25,3.25,1.5,0.75,0.75,0.0,0.25,1.25,2.75,1.75,1.0,0.0,0.5,0.75,0.5,0.5,2.75,2.0,0.25,0.0,0.5,1.0,0.5,1.5,2.0,1.5,0.5,0.75,1.25,1.25,1.5,1.5,1.5,1.0,1.0,1.25,1.0,2.25,2.0,1.75,1.75,1.0,1.75,1.75,1.75
161,0.75,2.0,1.5,2.25,2.75,1.0,0.0,1.25,1.0,1.25,2.25,3.25,3.25,1.5,1.5,1.0,0.5,0.75,1.75,3.25,3.25,1.5,0.5,1.5,0.75,0.25,1.75,2.5,2.25,1.0,0.0,0.25,1.25,0.75,0.75,3.0,2.75,0.25,0.25,0.5,1.75,1.0,1.5,2.25,2.25,1.25,0.5,0.5,1.5,1.75,1.75,2.0,1.75,1.0,1.75,1.5,2.0,1.75,1.75,1.75,1.5,1.5,1.5,1.75
162,0.75,1.5,1.0,2.5,2.0,1.0,0.0,0.75,0.75,0.75,1.75,3.5,3.0,1.5,0.5,0.75,0.5,0.5,2.25,3.0,2.75,1.25,0.75,1.0,0.25,0.5,1.5,2.25,2.0,0.75,0.25,0.0,0.75,0.5,0.25,2.5,2.25,0.25,0.75,0.25,1.25,0.75,1.25,2.0,1.5,0.5,0.75,1.0,1.25,1.75,1.0,1.5,1.0,1.0,0.75,1.5,1.5,1.25,1.75,1.5,1.25,1.25,1.0,2.0
163,1.0,1.75,1.5,2.5,2.0,1.0,0.0,1.0,1.0,1.25,2.0,3.0,2.5,1.25,1.0,0.75,0.75,0.5,2.0,3.0,2.75,1.25,0.5,1.0,0.25,0.75,1.5,2.5,2.0,0.75,0.5,0.25,0.75,0.5,0.5,2.75,2.5,0.0,0.25,0.5,1.0,1.0,1.5,2.5,1.5,1.0,0.75,0.75,1.5,1.5,1.25,2.0,1.25,1.0,1.0,1.75,2.25,1.0,1.25,1.25,1.5,1.5,1.25,2.0
164,1.25,1.5,0.75,2.5,2.0,1.25,0.25,0.25,1.5,0.75,2.25,3.0,3.0,1.5,1.25,0.75,0.25,0.5,2.0,3.5,3.0,1.5,1.0,0.25,0.5,0.75,1.5,2.5,2.0,0.5,0.25,0.0,1.25,0.5,0.75,2.75,2.25,0.25,0.25,0.5,1.0,1.25,1.75,2.5,1.25,0.75,0.5,1.25,1.5,1.5,1.25,1.75,0.75,1.25,0.75,2.0,2.0,1.75,1.75,1.5,1.75,1.5,1.5,1.75
165,1.0,1.75,1.25,3.0,2.0,1.5,0.25,0.75,0.75,1.0,2.0,3.25,2.75,1.5,1.25,1.0,0.25,0.5,2.0,3.25,2.75,1.25,1.25,0.75,0.25,0.25,2.0,2.5,2.0,0.5,0.5,0.5,0.5,0.75,0.5,2.75,2.0,0.0,0.0,1.0,1.0,1.0,1.5,2.5,1.75,1.5,0.75,1.25,1.75,1.5,1.0,2.0,0.75,0.75,1.0,1.5,2.0,1.75,1.75,1.25,1.0,1.0,1.75,2.0
166,1.25,1.75,1.75,3.25,2.0,1.25,0.25,1.25,1.25,1.5,2.25,3.75,3.75,1.75,1.25,1.25,1.25,0.75,2.5,3.5,3.5,1.25,0.75,1.0,0.25,1.0,1.75,3.0,2.25,1.25,0.5,0.5,1.0,0.5,0.75,3.25,2.5,0.5,0.0,0.75,1.5,1.5,2.0,2.0,2.0,1.25,0.75,1.75,2.0,1.5,1.5,2.0,1.25,1.5,1.25,2.5,2.5,2.0,2.0,1.75,1.75,1.5,1.5,2.5
167,0.5,1.5,1.25,2.75,2.25,1.25,0.0,0.5,0.25,1.0,2.25,3.5,3.25,1.25,1.25,1.25,0.75,0.5,2.25,3.25,3.25,1.5,0.75,0.5,0.25,1.5,1.75,3.0,2.25,0.5,0.5,0.75,1.0,0.5,0.75,3.25,2.5,0.5,0.25,0.75,1.25,1.0,1.75,2.25,1.5,1.0,0.5,1.5,1.5,1.75,1.0,1.5,1.25,1.5,1.75,1.75,2.0,1.75,1.5,1.25,1.5,2.0,1.0,2.0
168,1.0,2.0,1.5,2.75,2.25,0.75,0.5,0.75,0.75,1.25,1.75,3.5,3.5,1.75,0.75,1.0,1.0,0.75,1.75,3.5,3.25,1.5,0.75,1.0,0.25,0.75,1.75,2.5,2.25,1.0,0.5,0.5,0.75,0.5,0.5,3.0,2.0,0.0,0.5,0.75,0.5,1.0,1.5,2.5,1.25,1.25,0.5,1.5,1.5,1.5,1.25,1.75,1.25,1.25,1.25,1.75,1.75,1.25,1.25,1.5,1.25,1.5,1.5,1.5
169,1.0,1.75,1.5,3.0,2.25,0.75,0.5,0.5,1.25,1.0,2.0,3.25,3.0,1.75,1.0,1.25,0.75,0.75,2.25,3.75,3.25,1.25,1.0,0.75,0.75,0.75,1.25,2.5,2.0,0.25,0.75,0.5,0.75,0.5,0.75,3.0,2.5,0.0,0.5,0.75,0.75,1.0,1.75,2.5,1.75,1.25,0.75,1.5,1.5,1.75,1.75,1.75,1.75,1.25,1.25,1.75,2.0,2.0,1.75,1.25,1.75,1.75,1.75,2.5
170,1.25,1.75,1.5,3.0,2.0,1.25,0.75,0.75,1.5,1.0,2.0,3.0,3.0,1.5,1.25,1.0,0.75,0.75,2.25,3.25,3.25,1.0,1.0,0.75,0.25,0.25,1.0,2.5,1.5,0.5,0.25,0.0,0.75,0.75,0.5,3.5,2.0,0.0,0.5,0.25,1.25,0.75,2.0,2.5,1.75,0.5,1.0,1.75,1.5,1.5,1.25,2.0,1.0,1.25,1.25,1.5,1.75,1.75,1.5,1.5,1.25,1.0,1.5,1.75
171,1.5,2.0,1.25,3.0,2.25,1.0,0.25,1.0,1.0,1.25,2.0,3.0,2.75,1.5,1.25,0.75,1.0,0.75,2.25,3.5,3.5,1.0,1.0,0.75,1.0,0.25,1.0,3.0,2.0,0.25,0.5,0.75,0.75,0.75,1.0,2.75,2.25,0.5,0.0,0.75,1.5,1.5,1.75,2.75,1.25,1.25,0.75,1.75,1.75,1.25,1.5,2.0,1.0,1.0,0.75,2.0,2.25,2.0,1.75,2.0,1.75,1.5,1.75,2.75
172,0.75,1.75,1.5,3.5,2.0,1.5,0.0,1.25,1.25,1.0,2.5,3.5,3.75,1.5,1.5,1.0,1.0,1.0,1.75,3.75,3.75,0.75,0.75,1.25,0.5,1.25,1.25,2.5,1.75,0.5,0.25,0.5,1.0,1.0,1.0,3.25,2.75,0.25,0.5,0.5,1.25,1.25,2.0,3.0,2.25,1.5,1.0,1.5,1.75,1.5,1.75,2.0,1.5,0.75,1.75,1.5,2.5,1.75,1.75,1.25,1.5,2.0,2.25,2.25
173,1.0,1.75,1.5,2.75,2.25,1.5,0.5,1.0,1.0,1.25,2.25,3.5,3.25,2.0,1.5,1.25,0.25,1.0,2.25,3.5,3.0,1.0,1.0,0.75,0.5,0.75,1.5,2.75,2.25,0.0,0.75,0.75,1.0,1.0,1.0,3.5,2.5,0.0,0.5,0.5,1.25,0.75,2.0,2.5,1.75,1.0,0.5,1.75,1.5,2.0,1.25,2.0,1.5,1.5,1.5,1.25,1.75,1.75,1.5,1.25,2.0,1.75,2.0,2.25
174,1.0,1.75,1.25,2.75,2.5,1.0,0.0,0.5,0.75,0.75,2.25,3.5,2.75,1.75,1.25,0.5,0.75,0.75,1.25,3.25,3.25,1.0,0.5,0.75,0.25,0.5,1.0,2.25,2.0,0.0,0.25,0.25,0.5,0.5,0.5,2.75,2.0,0.5,0.25,0.5,1.0,1.25,1.75,2.75,1.5,0.75,1.0,1.75,1.25,1.25,1.75,1.75,1.25,1.0,1.0,1.75,1.25,2.0,1.75,1.5,0.75,1.5,1.25,2.0
175,0.75,1.25,1.25,2.75,2.25,1.25,0.25,0.75,1.25,0.5,2.25,3.25,3.0,1.25,1.25,1.0,0.75,0.25,2.0,3.5,3.25,1.25,0.75,0.5,0.5,0.75,1.25,2.75,2.5,0.25,0.25,0.25,0.75,0.5,0.75,2.5,2.0,0.0,0.75,0.5,1.5,1.25,1.5,2.75,1.25,0.75,0.25,1.75,1.25,1.5,0.5,1.5,1.0,1.25,1.25,2.0,1.75,1.25,1.75,1.25,1.5,1.5,2.0,2.0
176,1.25,1.25,1.5,3.0,1.75,1.0,0.0,0.5,1.0,1.0,2.25,3.5,3.25,1.5,1.0,1.5,1.0,0.75,1.5,3.75,3.5,0.75,1.0,0.75,0.75,0.75,1.0,3.0,1.75,0.25,1.0,0.5,1.0,0.5,0.75,3.0,2.25,0.0,0.75,0.25,1.5,1.25,2.0,2.5,1.75,0.75,0.0,1.25,0.75,1.25,1.75,1.75,1.25,0.5,1.0,1.75,1.75,1.75,1.25,1.5,1.5,1.5,1.5,1.75
177,0.75,1.75,1.0,3.0,2.0,1.25,0.25,0.75,1.25,0.75,2.0,3.5,3.0,1.25,1.5,1.25,0.5,0.75,2.0,3.75,3.5,1.0,0.75,0.75,0.5,0.5,1.0,3.5,2.0,0.25,0.0,0.5,0.5,0.25,0.5,2.75,2.0,0.0,0.25,0.5,0.5,1.25,1.75,2.5,2.0,0.75,0.5,1.5,1.25,1.5,1.25,1.25,1.25,1.0,1.25,1.75,2.0,1.25,1.75,2.0,1.25,1.5,1.0,2.0
178,0.5,1.5,1.25,3.25,2.0,1.25,0.25,1.25,1.0,0.75,2.25,3.0,3.0,1.75,1.0,1.75,1.75,0.25,2.0,3.75,3.5,0.75,0.75,0.75,1.0,0.25,1.0,2.75,1.25,0.25,0.25,0.25,0.75,0.25,1.0,3.0,2.0,0.0,0.75,0.5,1.5,1.25,1.5,2.5,1.75,0.75,0.5,1.75,2.0,1.75,1.25,1.5,1.25,1.0,0.75,2.0,2.5,1.25,2.0,1.25,1.25,2.0,1.75,2.25
179,1.0,1.5,1.5,3.25,2.0,1.5,0.5,1.0,1.0,1.0,2.25,3.75,3.25,1.5,1.5,1.25,1.0,1.0,1.75,3.5,3.5,1.5,1.25,1.25,0.25,1.0,1.0,3.25,2.25,0.25,0.75,0.5,1.0,0.5,0.75,3.0,2.25,0.0,0.75,0.75,1.5,1.0,1.75,2.5,1.75,1.25,0.25,1.25,1.5,2.0,1.5,2.0,1.5,1.25,2.0,1.75,2.75,1.5,1.75,1.25,1.75,1.5,1.25,2.5
180,0.5,1.75,1.75,3.25,2.25,1.0,0.5,1.0,2.0,2.0,2.25,3.75,3.25,1.75,1.5,1.0,1.0,0.75,2.25,3.75,3.75,1.25,1.0,1.5,0.75,1.25,1.5,3.25,2.0,0.5,0.75,0.75,0.75,0.5,1.0,3.75,2.0,0.5,0.25,0.0,1.5,1.25,1.75,2.75,2.0,1.25,1.0,1.75,1.5,1.5,1.75,2.5,1.5,1.5,1.5,2.0,2.5,1.5,1.75,2.0,1.5,1.25,2.0,2.5
181,1.25,1.5,1.0,2.5,2.0,1.0,0.5,0.75,1.0,1.25,2.25,3.5,3.0,1.25,1.25,1.25,0.5,0.5,1.5,3.75,3.0,1.5,0.5,0.75,0.25,0.5,1.0,3.0,2.0,0.25,0.5,0.75,0.5,0.0,0.5,3.5,2.0,0.0,0.25,0.25,1.0,0.5,1.5,2.75,1.5,1.25,1.0,1.5,1.25,1.75,1.75,2.0,1.25,1.5,1.5,1.75,1.75,2.0,1.5,1.25,1.5,1.25,1.5,1.75
182,1.25,1.5,1.75,3.0,2.25,1.5,0.5,1.25,1.25,1.0,2.25,3.25,3.0,1.5,1.25,1.5,0.75,0.5,2.0,3.75,3.75,1.0,1.25,1.0,0.25,1.0,1.25,2.75,2.25,0.5,0.5,0.5,0.75,0.5,0.5,2.75,2.25,0.0,0.5,0.5,0.75,1.25,1.5,2.5,1.75,1.0,0.25,1.25,1.25,1.5,1.75,2.0,1.0,1.25,1.0,1.5,1.5,1.5,1.25,1.75,1.75,1.5,1.0,1.5
183,0.5,1.0,1.0,2.5,1.75,1.0,0.25,0.5,0.75,1.0,1.75,3.0,3.25,1.5,0.5,0.75,0.25,0.75,2.25,3.5,3.0,1.5,0.5,1.25,0.25,0.5,1.75,2.75,1.75,0.75,0.5,0.25,0.25,0.0,0.25,2.5,1.75,0.25,0.25,0.25,1.25,0.75,1.25,2.75,1.0,0.75,0.25,1.75,1.25,1.0,1.0,1.75,0.75,0.75,0.25,1.5,1.5,1.5,1.0,1.25,1.0,1.0,1.5,1.75
184,0.75,1.75,1.0,2.25,1.75,1.25,0.0,0.25,0.75,0.5,2.0,3.0,3.25,1.25,1.25,1.0,1.0,0.25,2.0,3.25,3.25,1.0,0.25,0.25,0.0,0.0,1.25,2.75,2.5,0.75,0.5,0.0,0.25,0.25,0.75,2.75,2.5,0.0,0.0,0.5,0.75,0.75,0.5,2.25,1.5,1.0,0.75,0.75,1.25,1.25,1.25,1.0,0.75,1.0,1.0,2.0,1.75,1.5,1.0,1.5,1.0,0.75,2.0,1.75
185,0.75,1.75,1.75,1.75,3.0,1.5,0.25,1.25,0.75,1.5,2.25,3.75,3.25,2.0,1.5,1.5,0.75,0.0,2.0,3.5,3.5,1.75,1.25,1.5,0.75,1.0,1.25,3.25,2.5,1.0,1.0,1.0,1.0,0.5,1.0,3.25,2.75,0.25,0.5,0.5,1.0,1.0,1.5,2.5,2.25,1.0,0.75,1.25,1.5,1.0,1.5,1.5,2.0,1.0,1.5,2.0,2.0,1.25,1.75,1.25,2.0,1.75,2.0,2.25
186,1.25,1.5,1.25,1.75,3.75,1.5,0.25,0.75,0.75,1.5,1.5,3.0,3.5,1.75,1.0,0.75,0.25,0.5,1.25,3.0,3.25,2.0,1.0,0.75,0.0,0.5,1.0,2.75,2.0,1.25,0.25,0.0,0.75,0.25,0.75,2.75,2.5,0.5,0.5,0.5,1.5,0.75,1.25,2.0,1.75,1.25,0.0,1.25,1.75,1.0,1.5,1.5,1.0,1.25,1.5,1.5,2.25,1.75,2.0,0.75,1.25,1.25,1.25,1.75
187,0.25,1.0,0.5,1.0,2.75,1.0,0.0,0.75,0.5,0.5,1.75,3.25,3.0,1.25,0.75,1.0,0.5,0.25,1.25,3.5,3.75,1.5,0.5,0.75,0.0,0.0,0.5,2.5,2.0,1.0,0.5,0.25,0.75,0.25,0.5,2.75,2.25,0.0,0.75,0.25,0.75,0.75,1.0,2.0,1.5,1.0,1.0,1.0,1.25,1.25,1.25,2.0,1.0,0.75,1.25,1.0,1.75,1.0,1.75,1.5,1.0,1.5,1.75,1.75
188,1.0,1.75,1.75,2.5,3.0,1.75,0.25,1.0,1.5,1.0,2.25,3.25,3.5,1.75,1.5,1.0,0.5,0.5,2.0,4.0,3.5,1.0,1.25,1.5,0.5,0.75,1.25,3.25,2.0,1.0,0.0,0.5,1.0,0.75,0.5,2.75,2.25,0.0,0.25,0.5,1.5,1.25,1.0,2.25,1.5,1.25,1.0,1.25,2.25,2.0,1.25,1.75,1.0,1.0,1.25,1.5,2.5,2.0,2.5,2.25,1.5,1.75,1.5,2.5
189,1.0,1.75,1.25,3.0,1.75,1.25,0.75,0.75,1.25,1.25,2.25,3.75,2.75,1.75,1.0,1.25,1.0,0.75,2.0,4.0,3.25,1.25,1.0,1.25,0.5,0.5,1.75,3.75,2.5,0.0,0.5,0.5,1.0,0.5,0.75,2.75,2.25,0.0,0.75,0.25,1.0,1.25,1.75,2.5,1.75,0.75,1.0,1.5,1.75,1.5,1.25,2.25,1.5,1.0,1.25,2.25,2.25,1.75,1.5,1.5,1.75,1.75,1.75,2.75
190,0.75,2.0,1.5,3.25,1.25,1.25,0.25,0.5,0.75,1.25,2.25,3.75,2.5,1.75,1.25,1.25,1.25,1.0,2.0,3.75,3.0,1.0,1.25,0.75,0.75,1.0,1.5,3.0,2.5,0.5,0.5,0.75,1.0,1.0,0.5,2.75,2.25,0.0,0.5,1.0,1.5,1.25,1.75,2.25,1.75,1.0,0.75,1.0,1.5,1.75,1.5,1.75,1.5,1.5,1.25,1.75,2.0,2.0,1.75,1.75,1.5,1.25,2.25,2.5
191,0.25,1.25,0.75,2.5,0.75,1.0,0.5,0.5,0.75,0.5,2.25,3.75,2.25,1.0,1.25,1.5,0.5,0.75,1.75,3.5,3.0,0.5,0.75,1.0,0.5,0.5,1.25,3.25,2.0,0.5,0.5,0.5,0.5,0.25,0.0,2.25,2.0,0.25,0.25,0.75,0.75,1.0,1.25,2.25,1.25,1.0,0.25,1.0,1.5,1.5,1.0,1.5,0.75,1.0,1.25,1.75,2.0,1.75,1.0,1.25,1.25,1.5,1.75,1.25
192,0.5,1.75,1.5,2.75,1.25,1.25,0.25,1.0,1.0,1.5,1.75,3.25,2.25,1.25,1.25,1.75,0.25,1.0,1.5,3.75,3.5,1.25,0.5,1.25,0.75,1.0,1.25,3.0,2.25,0.25,0.25,0.5,1.0,0.5,0.75,2.5,2.25,0.5,0.0,0.75,1.5,1.5,1.75,2.5,1.25,1.0,1.0,1.25,1.25,1.5,1.5,1.5,1.75,1.75,2.0,1.25,1.75,1.5,1.75,1.75,1.75,1.75,1.75,2.25
193,1.0,1.75,1.0,2.0,1.5,1.25,0.5,1.0,0.75,0.75,2.0,2.75,2.5,1.5,1.0,1.5,0.0,0.75,1.5,3.25,3.0,0.75,0.25,0.5,0.0,0.25,0.75,3.0,2.5,0.5,0.5,0.25,0.75,0.75,0.5,2.25,2.25,0.25,0.5,0.75,1.0,1.25,0.75,2.0,1.5,1.25,0.5,0.75,1.5,1.25,1.0,2.0,1.0,0.75,1.5,1.75,1.75,1.25,1.25,1.25,1.25,1.25,1.5,1.75
194,1.0,1.5,1.0,2.0,1.0,1.75,0.25,1.0,0.5,0.75,1.75,3.0,3.0,1.25,1.25,0.75,0.75,0.5,1.5,3.0,2.75,0.25,1.0,0.75,0.0,0.25,1.0,2.5,2.0,0.25,0.25,0.25,0.75,0.25,0.25,2.25,2.25,0.0,0.0,0.0,0.75,0.75,1.5,1.75,1.25,1.0,0.75,1.75,1.25,1.0,1.25,1.75,0.5,1.5,1.25,1.75,1.5,1.75,1.75,1.5,1.25,1.0,1.75,1.75
195,0.5,1.75,1.0,2.75,1.5,1.5,0.25,1.0,1.0,1.25,1.75,3.0,3.0,1.5,1.25,1.25,1.0,0.75,1.75,4.0,3.5,1.5,1.25,1.5,0.5,1.0,1.25,3.25,2.5,0.75,0.5,0.5,1.25,0.75,0.25,2.25,2.5,0.0,0.75,1.0,1.75,1.0,1.5,2.5,1.75,0.75,0.75,1.75,1.5,2.0,1.75,2.0,1.25,1.25,1.0,2.0,2.0,2.0,2.0,1.25,1.5,1.5,1.75,2.0
196,1.5,2.0,1.25,2.5,1.5,1.25,0.5,1.5,1.5,1.5,2.5,3.75,2.75,1.75,1.75,1.75,1.0,1.0,1.75,3.75,3.25,1.0,1.25,1.25,0.75,1.0,1.0,3.0,3.0,0.5,1.0,0.75,1.5,0.75,0.0,2.75,2.75,0.25,0.75,0.75,1.5,1.5,1.75,2.5,1.75,1.5,1.25,1.5,2.0,1.75,1.75,1.75,1.5,1.25,1.5,2.5,2.5,1.75,2.25,1.75,2.0,2.0,1.75,2.0
197,1.0,1.75,1.0,1.75,1.25,1.0,0.5,1.0,1.0,1.0,1.75,3.25,2.75,1.0,1.0,0.75,0.75,0.75,1.25,3.25,3.0,1.0,1.0,0.75,0.5,0.5,1.0,2.75,2.5,0.25,0.75,0.0,0.75,0.5,0.25,2.0,2.25,0.25,0.5,0.5,0.75,1.0,1.25,2.25,1.5,1.0,0.5,1.25,1.75,1.5,1.0,1.75,1.25,1.25,1.25,1.75,1.75,1.25,2.25,1.5,1.5,1.25,2.25,1.75
198,0.75,1.75,1.0,1.75,1.25,1.0,0.25,0.5,1.25,1.0,1.75,3.0,2.25,1.0,1.25,0.75,0.5,0.5,0.75,3.25,2.75,0.5,0.75,0.75,0.25,0.75,1.0,2.75,2.25,0.0,0.25,0.25,0.75,0.5,0.25,2.0,2.25,0.0,0.75,0.0,0.75,1.25,1.5,2.0,1.5,0.75,0.25,1.5,1.0,1.5,1.0,2.0,1.0,1.0,1.5,1.25,2.0,1.5,1.5,1.75,1.25,1.25,1.25,2.25
199,0.25,1.75,1.0,1.75,1.75,1.25,0.0,0.5,1.5,0.75,2.0,3.0,2.5,0.75,1.25,1.0,0.75,0.5,1.75,3.5,3.25,1.0,0.75,0.75,0.25,0.75,0.5,3.0,2.25,0.5,0.25,0.25,0.75,0.5,0.5,2.5,2.0,0.0,0.25,0.0,1.75,0.75,1.5,2.0,1.5,1.25,1.0,1.75,1.5,1.5,1.25,1.5,0.75,0.75,0.75,1.25,2.5,1.75,1.5,1.25,2.0,1.25,1.5,1.75
