,0,1,2,3,4,5,6,7,8,9,10,11,12,13,14,15,16,17,18,19,20,21,22,23,24,25,26,27,28,29,30,31,32,33,34,35,36,37,38,39,40,41,42,43,44,45,46,47,48,49,50,51,52,53,54,55,56,57,58,59,60,61,62,63
0,1.5,1.5,1.75,1.5,3.0,1.5,0.0,0.0,0.75,1.75,1.0,2.75,4.75,1.75,1.25,0.5,0.5,2.0,2.5,4.0,4.25,1.75,0.75,0.25,0.75,2.25,2.75,4.0,3.0,3.0,0.25,0.5,0.0,0.25,0.75,3.25,3.5,3.25,1.25,0.25,0.75,1.25,1.5,2.5,1.75,1.25,0.75,1.25,0.75,1.0,1.25,1.0,0.75,0.75,1.0,1.0,1.25,0.5,1.0,0.75,0.25,0.75,0.5,1.25
1,0.25,0.75,1.75,1.75,2.25,1.25,0.0,0.75,1.0,1.5,3.5,3.5,4.0,1.75,1.0,0.75,0.75,1.5,3.75,4.25,4.75,1.5,0.75,0.25,0.5,0.5,2.5,4.0,3.5,3.25,0.25,0.5,0.25,0.25,1.25,3.5,3.5,3.0,1.25,0.5,1.5,1.0,2.0,2.25,2.0,1.25,1.0,0.75,1.25,1.0,1.5,1.5,1.0,0.75,0.5,0.75,1.0,1.25,0.75,1.0,0.75,1.25,0.75,1.0
2,0.5,1.0,2.0,2.25,2.0,1.0,1.0,0.5,0.75,1.75,3.0,3.0,3.25,1.25,0.5,1.0,0.75,1.25,3.5,4.0,4.25,1.75,0.25,0.25,0.25,0.25,2.0,3.75,3.5,3.5,0.75,0.5,0.0,0.25,1.0,3.5,4.0,3.0,1.5,1.0,1.25,1.5,1.75,2.25,1.75,1.25,0.75,1.5,1.5,1.25,1.5,1.25,1.25,0.5,1.25,0.75,1.5,2.0,1.25,1.0,0.75,1.25,1.0,1.75
3,1.75,1.5,2.25,1.75,2.75,1.5,0.5,0.5,1.0,2.25,1.5,2.5,5.0,1.25,0.75,1.0,0.25,2.5,3.5,4.0,4.75,2.25,0.25,0.5,0.25,0.0,2.0,3.75,3.25,3.5,1.0,0.25,0.75,0.0,0.75,3.5,3.5,3.25,1.5,0.25,1.25,1.0,2.5,2.5,2.0,1.5,1.0,1.0,1.0,1.25,1.25,1.5,1.25,1.0,0.75,1.0,1.75,1.0,1.25,1.25,1.25,0.75,1.25,1.0
4,1.5,2.75,2.5,3.0,2.5,1.5,0.5,1.25,1.75,3.25,2.25,3.75,4.25,1.75,1.5,0.75,0.75,1.75,4.0,4.25,4.5,2.25,0.5,0.5,0.75,0.5,2.5,4.0,3.75,3.5,0.75,0.25,0.5,0.5,1.0,3.75,4.0,3.0,2.0,0.0,1.5,1.25,1.75,2.5,2.0,1.5,1.0,1.25,1.25,1.25,1.75,1.25,1.25,0.75,1.0,1.25,2.0,1.75,2.0,0.75,1.5,1.25,1.25,1.75
5,0.75,1.0,2.25,3.25,1.5,1.25,0.5,0.25,1.0,2.0,3.0,4.25,3.25,1.25,1.0,0.5,0.25,1.5,3.5,4.0,3.75,2.0,0.5,0.25,0.0,0.0,2.0,3.75,3.25,3.5,0.75,0.0,0.25,0.5,0.75,3.25,3.5,2.5,2.25,0.75,1.0,0.75,1.25,2.25,1.75,1.5,0.25,1.5,1.25,1.0,1.25,1.25,0.5,0.5,0.75,1.25,1.25,1.0,1.25,1.25,1.25,0.75,1.0,1.25
6,0.5,2.25,2.25,2.5,2.5,1.25,1.75,1.5,0.5,2.5,1.5,3.75,4.0,1.75,2.5,1.5,1.0,3.0,3.5,4.0,4.0,3.25,2.5,1.75,0.0,0.5,2.5,3.75,3.0,3.75,2.5,0.75,0.25,0.0,1.0,3.5,3.75,2.25,0.5,0.25,0.75,1.5,2.0,2.0,2.0,1.5,1.5,1.0,1.0,0.75,1.25,1.75,1.0,0.75,1.0,2.0,1.5,1.25,1.25,0.75,1.0,0.75,1.75,1.0
7,2.5,2.25,2.5,3.0,2.5,1.75,2.75,2.5,2.5,2.5,2.5,5.0,5.25,2.75,3.25,2.25,2.0,3.5,3.75,4.25,4.75,4.0,3.25,2.25,1.5,0.0,4.0,3.25,4.25,2.75,2.5,0.5,1.5,0.75,2.0,3.75,4.5,3.0,1.0,1.25,1.75,2.25,2.25,3.0,2.5,2.0,1.75,2.0,2.0,1.75,2.0,2.0,2.0,1.75,2.0,2.0,2.0,2.25,1.0,2.0,0.75,2.0,0.25,1.75
8,1.5,2.0,2.75,2.75,2.25,2.25,1.25,1.25,1.5,2.25,2.25,4.0,4.25,1.5,2.75,0.75,0.75,3.25,3.25,4.0,4.0,3.0,3.0,1.25,0.5,1.25,2.75,3.75,3.5,3.25,0.75,0.25,0.75,0.25,0.75,3.5,3.75,2.25,0.0,0.5,1.0,1.0,2.0,2.0,2.25,1.5,1.25,1.25,1.25,1.5,1.25,2.0,0.5,1.0,1.25,1.25,1.5,1.25,1.75,1.25,1.0,1.25,0.75,1.25
9,0.75,2.0,3.0,2.75,2.25,1.5,1.75,1.25,1.5,2.5,1.75,4.0,4.25,2.25,2.5,1.75,1.75,3.5,3.75,4.5,4.5,4.0,3.0,1.75,0.25,1.25,3.0,3.75,3.75,3.75,1.5,0.5,0.5,0.0,1.0,3.5,3.75,2.75,0.25,0.75,1.75,1.75,2.0,3.0,2.5,2.25,1.5,1.25,1.5,1.5,1.5,1.75,0.75,1.25,1.25,1.75,2.0,1.75,1.75,1.0,1.5,1.5,1.75,2.25
10,1.5,1.5,1.25,2.25,2.5,1.25,1.0,1.75,1.75,1.0,1.5,3.75,4.0,1.75,1.5,2.5,1.5,2.5,3.25,4.0,4.25,3.25,2.5,2.5,0.5,1.5,2.75,3.5,3.25,3.25,2.25,0.5,0.0,0.0,1.5,3.5,3.5,2.0,0.25,0.25,1.0,1.5,1.5,2.25,2.25,1.5,1.0,1.25,1.25,0.75,1.5,1.0,1.25,0.75,1.25,1.5,1.75,0.5,1.0,1.0,0.75,1.25,0.75,0.75
11,1.25,1.25,3.0,2.5,2.25,2.5,1.25,1.0,1.0,1.5,1.75,3.75,4.0,1.5,3.0,1.5,0.75,3.0,3.0,3.75,4.0,3.25,2.75,1.5,0.0,1.0,2.75,3.5,3.25,2.75,1.0,0.0,0.25,0.0,1.5,3.25,3.25,2.25,0.25,0.25,1.0,1.5,1.75,2.0,2.0,1.5,1.25,0.75,1.0,0.75,1.25,1.75,0.75,0.75,1.0,1.25,2.0,1.5,1.5,1.0,1.25,0.75,0.75,1.75
12,0.75,1.75,3.25,2.5,2.0,2.5,1.25,1.0,0.75,2.0,2.0,4.0,3.75,1.75,3.25,1.5,1.25,2.75,3.25,3.5,4.25,2.75,3.0,1.5,0.5,1.25,3.25,3.75,3.25,3.0,1.25,0.25,0.0,0.0,1.25,3.0,3.75,2.25,0.25,0.5,1.25,1.0,2.0,2.5,2.0,1.5,1.25,1.5,0.75,1.25,1.5,1.5,1.0,0.75,0.75,1.0,1.25,0.75,1.5,1.5,1.0,0.25,1.0,1.75
13,0.75,0.75,1.75,2.25,2.0,1.25,0.0,1.0,2.0,0.75,0.75,3.75,3.75,1.75,1.25,2.0,1.5,1.75,2.75,3.75,4.0,2.75,2.0,2.25,0.5,2.0,2.75,3.75,3.25,3.0,2.25,0.75,0.25,0.0,1.0,3.25,3.25,2.0,0.0,0.0,0.75,0.5,1.5,2.0,2.0,1.0,1.0,1.0,1.75,0.75,0.75,1.25,0.75,0.75,1.25,0.75,1.5,0.75,1.5,0.75,0.75,0.75,1.0,1.25
14,0.75,1.5,2.5,1.75,1.25,1.25,0.75,1.0,0.75,2.0,1.5,3.25,3.75,1.75,2.75,0.75,0.5,3.0,2.5,3.25,4.0,2.75,2.75,1.0,0.0,1.0,2.75,3.5,3.0,2.75,1.0,0.25,0.0,0.0,1.0,3.0,3.75,2.0,0.25,0.0,0.5,1.0,1.5,2.25,1.25,1.25,0.75,1.0,0.75,1.25,0.75,1.5,1.0,1.0,0.75,1.0,1.25,0.75,1.25,0.75,0.75,0.25,1.5,1.25
15,0.75,1.75,1.5,2.0,1.5,1.25,1.5,1.0,1.25,1.75,1.5,4.0,3.75,1.75,2.25,1.25,0.25,2.25,2.75,3.75,4.0,2.75,2.0,1.25,0.0,2.0,2.75,3.5,3.25,3.0,2.0,0.75,0.5,0.25,1.0,3.0,3.5,1.5,0.25,0.25,0.5,1.0,1.75,2.0,1.5,1.75,0.75,0.75,0.75,0.75,0.5,1.5,0.5,0.75,1.25,1.0,2.0,1.0,1.0,1.0,0.5,0.5,1.0,1.25
16,1.5,1.75,1.25,2.0,1.75,0.75,1.5,1.0,1.5,2.0,1.25,3.5,4.25,1.75,1.75,1.5,1.0,2.0,2.25,3.5,4.0,2.5,2.5,1.75,0.5,1.75,3.25,3.5,3.25,2.75,2.0,0.25,0.75,0.25,0.75,3.25,3.5,2.5,0.25,0.0,0.75,1.25,1.5,2.0,2.0,1.75,1.0,1.25,1.0,1.0,1.0,1.0,0.75,0.75,0.75,1.75,1.25,1.0,1.5,0.5,1.0,0.75,0.75,1.25
17,1.0,1.75,2.25,1.5,2.0,1.75,1.25,0.75,1.25,2.25,1.75,3.5,4.0,2.5,2.75,1.0,0.75,2.75,3.0,4.25,4.25,2.5,3.25,1.0,0.5,1.25,2.75,4.0,3.5,3.25,2.0,0.25,0.5,0.25,1.25,3.5,3.5,2.5,0.0,0.5,1.25,1.5,1.5,2.75,2.5,1.5,0.75,1.5,1.5,1.5,1.5,1.75,1.0,0.75,1.0,1.75,1.5,1.0,1.5,1.25,1.5,2.0,1.25,1.25
18,1.0,0.75,2.0,2.0,2.0,2.25,0.5,1.25,0.75,1.0,3.0,3.5,4.25,3.5,1.5,1.25,0.75,2.25,2.75,3.75,3.75,2.25,3.25,0.75,0.5,1.25,3.25,3.75,3.25,3.25,1.75,1.0,0.5,0.0,1.0,3.25,3.75,2.0,0.5,0.25,1.5,1.0,1.25,1.75,1.5,1.5,1.25,1.5,1.25,1.5,0.75,1.25,0.75,0.75,0.5,1.0,1.25,1.0,1.5,1.25,1.0,1.0,0.75,1.25
19,0.0,1.25,1.25,2.0,1.75,1.25,0.0,0.75,1.25,1.5,1.25,3.25,3.75,1.75,1.75,1.25,0.75,1.5,2.25,3.25,3.5,2.25,1.5,1.75,0.5,2.25,3.0,3.75,3.5,2.75,2.0,1.0,0.75,0.0,0.25,3.25,3.25,1.75,0.5,0.0,1.25,0.5,1.5,2.0,1.25,1.5,0.75,1.0,1.25,1.5,0.75,1.0,1.0,0.75,1.0,1.25,1.0,1.0,1.25,1.0,0.75,1.0,1.0,1.5
20,1.25,1.25,1.75,1.5,1.5,1.0,1.25,0.75,0.5,2.0,1.25,3.25,3.25,1.0,2.0,0.5,0.25,2.0,2.5,3.25,3.75,2.25,2.25,0.25,0.5,1.5,2.75,3.5,3.0,2.75,1.5,0.5,0.25,0.0,0.75,3.0,3.25,1.75,0.0,0.0,0.75,1.0,1.5,2.0,1.5,1.25,1.0,1.0,0.75,1.0,0.75,1.0,0.5,0.75,0.5,1.0,1.5,0.75,0.75,0.75,0.5,0.75,0.75,0.75
21,0.75,1.25,2.0,2.5,2.25,2.0,0.5,0.75,0.5,1.0,3.0,3.75,4.0,3.25,1.75,1.0,0.75,2.0,3.0,3.5,4.0,2.75,3.5,1.25,0.5,0.75,2.5,3.75,3.25,3.0,1.0,0.25,0.25,0.0,1.25,3.25,4.0,2.0,0.25,0.5,1.0,1.5,2.0,2.25,2.0,1.75,1.0,1.0,1.0,1.0,0.75,1.25,0.5,1.0,0.75,1.0,1.5,0.75,1.5,1.0,1.0,0.75,0.5,1.25
22,0.25,1.0,1.25,1.5,1.25,1.0,0.25,0.5,1.0,1.25,1.0,3.25,4.0,1.25,1.0,1.5,1.25,1.25,2.0,3.25,3.75,2.75,1.25,1.75,0.25,2.5,3.25,3.75,3.0,3.0,2.25,0.5,0.0,0.25,0.75,3.0,3.5,1.75,0.0,0.5,0.5,1.0,1.25,2.0,2.0,1.5,0.5,1.0,1.5,1.0,1.0,1.0,1.0,0.25,0.5,1.75,1.5,1.0,0.75,0.5,1.25,0.75,0.75,0.75
23,0.75,0.5,1.75,2.0,1.0,0.75,0.25,0.75,1.25,1.25,1.0,3.5,3.5,1.25,1.25,1.25,0.75,1.75,1.75,3.5,4.0,2.25,1.75,1.0,0.5,2.0,3.25,3.75,3.25,2.75,1.75,0.25,0.25,0.0,0.5,3.25,3.25,1.5,0.5,0.25,1.0,1.0,1.25,2.0,1.75,1.0,1.0,1.0,0.5,0.75,0.75,1.25,0.75,0.75,0.25,1.25,0.5,0.75,1.25,0.75,0.75,0.25,0.5,1.0
24,0.75,1.0,2.0,2.5,1.75,1.5,0.5,0.75,0.75,1.5,3.0,4.0,3.75,3.0,1.5,1.25,1.0,2.5,2.75,4.0,4.25,2.75,3.75,1.0,0.25,1.5,3.0,3.75,3.75,3.0,1.5,0.0,0.0,0.5,1.25,3.25,3.75,2.0,0.0,0.0,1.0,1.5,1.75,2.25,2.25,1.5,1.0,1.25,0.75,1.25,0.75,1.5,1.0,1.25,1.0,1.75,1.25,1.5,1.75,0.75,1.25,1.0,1.0,1.0
25,0.75,1.0,1.5,2.25,1.5,1.25,0.25,1.0,1.0,2.0,1.5,3.5,4.25,1.75,1.0,2.25,1.5,1.5,2.25,3.25,4.25,2.5,1.25,1.75,0.5,2.5,3.75,3.75,3.5,3.0,2.5,0.75,0.75,0.0,1.25,3.5,3.75,2.0,0.5,0.25,1.0,1.25,1.75,2.0,2.0,1.75,1.25,1.25,1.0,1.25,1.0,1.0,1.0,1.0,1.25,1.25,1.25,0.75,1.25,0.75,0.75,1.0,1.0,1.5
26,0.25,0.5,1.75,1.75,1.75,1.5,0.5,0.5,1.5,1.0,1.5,4.0,4.25,1.75,1.0,1.25,1.75,1.25,1.75,3.25,4.25,2.25,1.25,2.25,1.0,2.75,3.5,3.5,3.0,3.25,3.0,1.25,0.75,0.25,1.25,3.0,3.5,1.75,0.75,0.0,1.25,1.0,1.25,2.0,2.0,1.25,0.75,1.0,1.25,0.75,1.5,1.0,1.0,0.75,0.75,1.5,1.75,0.75,1.0,1.0,1.0,1.0,1.0,1.75
27,0.5,1.0,1.75,1.5,1.25,2.0,1.0,0.5,0.25,1.75,2.0,3.5,3.5,2.75,2.0,0.75,0.25,2.0,2.5,3.75,3.75,2.5,3.0,1.0,0.25,1.0,2.75,3.5,3.25,2.75,1.5,0.25,0.0,0.25,0.75,3.5,3.25,2.0,0.25,0.0,0.25,1.0,1.5,2.25,1.75,1.25,1.25,0.5,1.0,1.0,1.25,0.75,0.75,1.25,0.75,1.0,1.5,0.5,1.25,0.75,0.75,0.75,1.0,1.0
28,0.0,1.5,2.5,2.25,2.0,1.75,0.5,0.75,1.0,1.5,3.25,4.5,4.25,4.0,2.0,1.0,0.5,3.0,3.0,4.0,4.25,3.25,3.75,1.0,0.75,1.5,3.25,3.75,3.75,3.0,2.5,1.0,0.5,0.5,1.5,3.5,4.0,2.25,0.5,0.25,1.25,1.25,1.75,2.5,2.0,1.75,1.75,1.0,2.0,1.5,1.0,1.5,1.0,1.25,0.75,1.5,2.0,1.5,1.0,1.25,1.5,1.25,1.25,1.5
29,0.5,1.0,1.25,2.0,1.0,0.75,0.0,0.75,1.25,0.75,1.5,3.5,3.75,1.25,1.0,1.5,0.75,1.0,1.75,3.0,3.75,2.0,0.75,2.0,0.75,2.5,3.25,3.5,3.25,3.25,2.75,0.75,0.5,0.25,0.75,3.75,3.5,1.75,0.25,0.25,0.5,0.75,1.5,1.75,1.25,1.25,1.0,1.25,0.5,1.0,0.75,0.75,0.25,0.25,0.75,0.75,1.25,1.25,1.5,0.75,0.5,0.5,1.0,1.25
30,0.75,1.5,1.5,1.5,1.75,1.25,0.0,1.0,1.75,1.5,1.5,3.5,3.75,1.25,1.5,1.5,1.25,1.5,2.25,3.5,4.25,2.25,1.75,1.75,0.5,2.25,3.25,3.5,3.0,3.0,2.25,0.5,0.25,0.25,1.0,3.25,3.75,2.25,0.5,0.25,0.75,1.5,1.5,2.25,2.0,1.25,1.0,1.25,0.75,1.0,1.0,1.0,0.5,0.25,0.75,0.75,1.5,0.75,1.25,0.75,1.0,1.0,1.5,1.25
31,0.75,1.0,1.75,1.75,1.5,1.25,0.75,1.0,0.5,1.0,3.0,3.75,3.75,2.75,1.5,1.0,0.75,2.5,3.75,4.0,4.0,3.75,3.75,1.0,0.5,1.25,3.0,3.75,3.75,3.0,2.0,1.0,0.25,0.75,1.25,3.25,3.75,2.0,0.0,0.5,0.75,1.25,1.75,2.25,2.0,1.75,0.75,1.25,1.25,0.75,1.5,1.5,0.75,0.75,1.0,1.5,1.5,0.75,1.25,0.75,0.25,1.25,1.0,1.75
32,1.25,1.25,1.75,2.0,1.75,1.25,0.5,1.25,1.5,1.25,1.0,3.5,3.5,1.5,1.5,1.5,1.25,1.0,2.25,3.5,4.0,2.0,1.5,1.75,0.25,2.25,3.25,3.5,3.25,3.0,2.0,0.75,0.25,0.0,0.5,3.0,3.25,2.25,0.0,0.5,1.0,0.75,1.25,2.25,1.75,1.25,1.0,1.0,1.75,0.5,0.5,0.75,0.5,0.75,0.75,1.0,1.5,1.5,1.25,0.75,1.0,0.5,0.75,2.0
33,0.5,0.75,1.5,1.75,1.0,0.75,0.25,1.0,1.75,0.75,1.25,4.25,3.5,1.5,1.0,2.0,1.5,0.75,2.0,3.25,3.5,1.75,0.75,1.25,1.0,2.75,3.25,3.75,3.25,3.0,2.5,0.5,0.75,0.0,1.0,3.5,3.0,1.75,0.0,0.25,1.25,1.25,1.25,2.0,2.25,1.5,1.0,1.0,0.75,1.25,1.0,1.0,0.5,0.75,0.75,1.25,1.5,1.25,1.5,0.5,0.25,1.25,1.25,1.75
34,0.0,1.0,2.25,2.0,1.0,1.25,0.0,0.25,0.5,1.25,3.0,4.25,3.5,3.25,1.75,0.75,0.75,1.5,2.5,4.0,4.0,2.75,2.75,0.5,0.25,1.5,2.75,3.25,3.25,2.75,2.25,0.5,0.0,0.0,1.0,3.25,3.25,1.75,0.25,0.25,0.5,1.0,1.25,2.0,1.5,1.75,1.0,0.75,0.75,0.75,1.0,1.25,0.5,0.75,0.75,1.25,1.5,1.5,1.25,0.75,0.75,0.75,1.25,1.0
35,0.75,1.5,1.75,2.0,1.5,1.5,0.75,1.25,1.5,1.75,1.5,4.25,3.5,1.25,2.0,1.5,0.5,2.0,3.0,4.0,3.75,3.0,2.0,1.25,0.75,2.0,3.25,3.5,3.5,3.5,2.25,0.75,0.25,0.5,1.0,3.25,3.5,2.25,0.0,0.25,1.25,0.75,1.5,2.25,1.75,1.5,0.75,1.75,1.25,1.0,1.0,1.25,1.0,0.75,0.75,1.75,1.5,1.5,1.25,0.75,1.25,1.0,1.0,1.5
36,0.5,1.0,2.0,2.0,1.0,0.25,0.25,0.75,1.25,0.5,1.25,4.0,3.0,1.25,1.25,2.0,1.75,0.75,2.0,3.5,4.0,2.25,1.25,2.0,0.75,2.5,3.25,3.75,2.75,3.5,3.0,1.25,0.5,0.5,1.0,3.5,4.0,2.25,0.5,0.0,1.25,0.5,1.25,2.25,1.75,1.25,0.5,1.75,1.25,1.25,0.75,1.75,1.0,1.25,0.75,1.25,1.75,1.0,1.5,1.0,1.0,1.0,1.5,1.25
37,1.25,1.75,2.25,2.5,1.5,1.25,1.25,1.0,0.75,2.0,1.25,4.75,3.75,2.0,3.0,1.5,1.25,2.75,2.75,3.75,4.25,3.0,2.75,1.5,0.75,1.5,2.75,4.0,3.25,3.25,2.25,0.5,0.5,0.0,1.25,4.0,4.0,2.25,0.75,0.5,1.25,1.25,1.75,2.25,2.0,1.25,1.75,0.75,1.5,1.25,1.25,1.5,0.75,1.25,1.0,1.75,1.5,1.5,1.75,1.5,1.25,1.25,1.0,1.75
38,0.5,1.0,2.0,2.0,1.5,1.25,0.5,0.25,1.0,1.25,3.25,4.25,4.0,3.0,1.5,1.0,0.25,2.75,2.5,3.5,3.75,2.75,3.5,1.0,0.5,1.5,3.0,3.5,3.5,3.0,1.75,0.5,0.0,0.0,0.75,3.5,3.75,2.25,0.5,0.5,0.75,1.0,1.5,2.25,1.75,1.5,1.25,1.0,0.25,1.25,1.25,1.25,1.0,0.75,1.0,1.25,1.0,1.5,1.0,1.25,1.25,1.0,1.25,1.5
39,1.25,1.25,1.75,2.0,1.75,1.25,1.75,0.5,1.5,1.75,1.75,4.5,3.75,1.75,2.0,1.25,1.5,1.75,2.0,4.0,4.25,2.5,1.75,1.5,1.25,3.0,3.75,3.75,4.25,3.5,2.75,1.25,0.75,0.0,1.25,3.25,4.0,2.0,0.25,0.5,1.0,1.0,1.75,2.25,2.0,1.75,1.0,1.75,1.75,1.75,1.25,2.0,1.0,0.5,1.5,1.75,1.75,1.25,1.5,1.25,1.5,1.5,1.0,1.25
40,1.0,1.5,2.0,1.75,1.75,1.75,0.75,1.5,0.75,2.0,1.25,4.25,3.75,1.75,1.75,1.5,1.75,2.0,2.0,3.75,4.25,2.25,2.25,1.25,0.75,3.0,3.25,4.25,3.5,3.5,2.75,1.0,1.0,0.25,1.75,3.25,3.75,2.0,0.0,0.25,1.0,1.25,1.75,2.5,2.25,1.5,1.0,1.0,1.5,1.5,1.25,1.5,1.25,0.75,1.0,1.75,1.75,1.25,1.5,0.75,1.0,1.0,1.25,1.75
41,0.25,1.0,1.5,1.5,1.75,0.75,0.0,0.25,0.75,0.75,2.0,3.5,4.25,1.5,1.0,0.25,0.25,1.25,3.25,3.75,3.75,3.25,0.75,0.0,0.0,1.5,2.75,3.75,3.0,2.75,2.0,0.0,0.25,0.0,0.5,3.25,3.25,1.75,0.25,0.25,0.5,0.75,1.5,2.0,1.5,1.0,0.75,1.25,1.25,1.0,1.0,1.0,0.25,0.75,0.5,1.0,1.0,0.25,1.0,0.75,0.5,0.5,1.0,1.75
42,0.0,1.25,2.0,2.0,1.75,1.75,0.25,0.5,0.75,2.25,2.25,4.25,3.75,3.5,1.75,1.0,0.75,2.0,2.0,4.0,4.0,2.25,2.5,0.0,0.5,2.75,3.0,3.75,3.5,3.75,3.5,0.5,0.25,0.75,1.0,2.75,3.75,2.0,0.25,0.75,0.75,1.0,1.75,2.25,1.75,1.5,0.75,1.0,1.0,0.75,1.0,1.0,0.75,1.0,0.5,1.25,1.5,1.25,0.75,1.0,1.0,1.25,1.5,1.5
43,0.5,0.5,1.5,1.75,1.0,1.25,0.25,1.0,1.25,0.5,1.25,4.0,3.0,1.25,1.0,2.0,1.5,0.5,1.5,3.25,4.0,2.0,0.75,1.75,1.0,2.75,3.25,3.75,3.5,3.75,2.75,1.0,0.25,1.0,1.0,3.25,4.0,2.0,0.5,0.0,0.5,1.25,1.25,2.25,2.25,1.25,0.25,1.75,0.75,1.5,1.0,1.5,0.75,1.0,0.75,1.5,1.25,1.25,1.25,1.0,0.75,0.75,1.0,1.75
44,0.5,0.75,1.5,1.5,0.5,0.75,1.0,0.5,1.5,1.75,1.75,4.0,3.25,1.25,2.25,1.25,0.75,1.75,1.75,3.75,3.75,2.0,2.25,0.5,0.25,3.0,3.0,3.75,3.25,3.25,3.0,0.75,0.5,0.0,1.0,3.25,3.25,1.75,0.5,0.25,1.25,1.0,1.0,2.25,1.75,1.25,1.0,1.5,1.0,0.75,0.5,1.0,0.5,0.5,0.5,1.5,1.25,1.25,1.5,1.0,1.0,0.75,0.75,1.25
45,0.25,0.75,2.0,1.75,1.5,1.75,0.25,0.75,0.5,1.0,2.0,4.0,4.5,2.5,1.25,1.0,0.0,1.0,3.25,4.0,4.25,3.5,1.25,0.25,0.5,1.75,3.5,3.75,3.5,3.0,2.5,0.75,0.25,0.0,0.75,3.0,3.25,1.5,0.25,0.25,0.75,1.25,2.0,2.0,2.25,1.75,1.0,1.25,1.25,0.5,1.25,1.25,1.0,0.75,0.5,1.5,1.5,1.0,1.5,1.0,1.25,1.5,0.5,1.5
46,0.25,0.0,1.25,1.75,1.25,0.75,0.5,0.75,0.75,0.75,1.0,3.75,3.25,1.25,1.0,1.25,1.0,0.5,1.75,3.75,3.75,2.0,1.0,2.0,0.75,2.75,3.25,3.75,3.25,3.0,2.75,0.5,0.25,0.25,1.0,3.0,3.75,1.75,0.25,0.25,0.75,1.0,1.0,2.0,2.0,1.25,0.5,1.25,0.5,0.75,0.75,0.75,0.25,0.75,1.0,0.75,0.5,0.5,1.25,0.75,0.5,0.75,1.0,0.75
47,0.0,0.75,1.25,1.0,0.75,1.25,0.0,0.25,1.25,1.5,0.0,3.5,3.25,1.25,1.75,1.0,0.5,1.25,1.25,3.75,3.75,1.25,1.5,0.5,0.5,2.75,3.0,3.25,3.0,3.25,2.75,0.25,0.0,0.0,0.75,3.0,3.25,1.5,0.0,0.25,0.5,1.0,1.0,1.5,1.5,1.0,0.5,0.5,0.75,0.75,0.75,0.75,0.5,0.0,0.5,1.5,1.0,0.25,0.75,0.0,0.5,0.5,1.0,1.5
48,1.25,1.75,2.25,2.75,1.75,2.0,1.25,1.0,0.75,1.5,3.5,4.5,4.75,3.25,1.75,1.75,1.25,1.5,4.25,4.5,4.75,4.25,1.75,1.0,1.25,3.25,3.75,4.25,4.0,4.25,3.5,1.0,0.5,0.75,1.25,4.0,4.5,2.75,1.25,0.0,1.5,1.5,2.5,2.75,2.25,2.25,1.5,1.5,2.0,1.0,1.25,2.0,1.0,1.25,1.0,2.0,2.0,1.25,1.75,1.5,1.25,1.5,1.75,2.0
49,0.75,1.25,2.0,1.25,1.25,1.25,0.5,0.25,1.0,2.0,1.25,4.0,3.25,1.5,2.75,1.5,1.0,1.75,1.75,3.75,4.0,2.0,2.5,1.25,0.5,3.0,3.0,3.75,3.25,3.0,2.75,1.25,0.5,0.25,1.25,3.5,3.5,2.25,0.0,0.25,1.25,1.0,1.5,1.75,1.5,1.25,0.75,1.0,0.75,1.75,1.0,1.5,1.25,0.75,1.25,0.5,0.75,1.25,1.25,0.75,0.5,1.0,0.5,1.25
50,0.75,1.0,1.5,1.75,1.25,1.25,0.0,0.75,1.5,1.25,1.25,4.0,3.0,1.5,0.75,2.25,1.0,1.25,1.5,3.5,3.75,1.75,0.75,1.5,0.5,2.75,3.25,4.0,3.5,3.0,2.75,1.0,0.5,0.5,0.75,3.25,3.5,1.5,0.25,0.25,1.0,1.5,1.0,2.25,2.0,1.25,0.5,1.25,1.0,1.0,0.5,1.0,0.5,0.75,0.75,1.25,1.25,1.5,1.0,1.0,0.25,1.0,1.0,1.75
51,0.5,1.25,2.0,1.5,1.0,1.25,0.25,0.5,0.75,1.0,2.75,4.0,3.5,2.25,2.0,0.75,0.5,1.75,2.5,3.75,3.75,2.75,2.25,0.75,0.5,2.5,2.75,3.5,2.75,3.25,2.75,0.0,0.5,0.5,0.75,3.25,3.25,1.75,0.0,0.5,1.25,1.0,1.5,2.25,1.75,1.75,0.5,0.5,1.0,1.25,0.5,1.5,0.75,0.5,0.0,1.0,1.25,0.75,1.0,0.5,1.0,0.5,0.75,0.75
52,1.0,1.5,1.75,1.75,1.25,1.25,0.5,0.25,1.0,1.25,3.0,3.75,3.25,3.0,1.75,1.0,0.25,2.0,2.5,3.5,4.0,3.0,2.25,0.75,0.25,2.75,3.0,3.75,3.25,2.75,3.0,0.5,0.5,0.0,1.25,3.25,3.25,1.75,0.0,0.5,0.5,1.25,1.25,2.25,1.75,1.25,0.75,1.25,1.0,0.75,0.25,1.25,1.0,0.0,0.75,1.25,1.0,0.75,1.5,0.75,1.0,1.0,1.0,1.25
53,0.75,0.25,2.0,1.5,1.0,1.0,0.5,0.5,1.5,1.0,1.0,3.75,3.0,1.0,1.5,2.0,1.0,0.5,1.25,3.25,4.0,1.75,1.0,1.5,0.5,3.0,3.25,3.75,3.5,3.25,2.5,1.0,0.75,0.0,1.0,3.5,3.5,1.75,0.25,0.5,0.75,1.0,1.25,2.0,1.5,1.0,0.75,1.0,0.75,1.0,1.25,1.25,0.5,0.5,0.5,1.0,0.75,0.75,1.0,0.75,0.25,0.75,0.5,1.25
54,1.25,1.5,2.25,2.0,1.5,2.0,0.75,1.0,1.0,1.25,3.0,4.5,4.0,3.75,1.75,0.75,0.75,1.75,3.0,3.5,3.75,3.25,2.5,1.0,0.75,2.5,3.25,3.5,3.75,3.25,3.0,0.5,0.5,0.5,0.75,3.0,4.0,2.0,0.5,0.0,0.75,0.75,1.25,2.5,2.0,1.25,1.0,0.75,0.75,1.25,0.75,1.5,1.0,1.0,0.75,1.5,1.25,1.5,1.0,1.0,1.0,1.25,0.5,1.25
55,1.0,1.0,1.75,2.25,1.75,1.25,0.25,1.0,0.75,1.0,2.0,4.25,4.75,2.75,1.25,0.5,0.5,1.25,3.75,4.0,4.5,3.75,1.25,1.0,1.0,2.75,3.25,4.0,3.25,3.25,2.75,0.25,0.75,0.5,1.25,3.25,3.25,2.0,0.0,0.0,1.0,1.5,2.0,2.5,2.25,1.75,1.0,1.25,1.5,1.25,1.25,0.75,1.0,1.0,0.5,1.0,1.5,1.5,1.5,1.25,1.25,1.0,1.25,1.5
56,0.25,1.0,2.0,1.75,1.25,1.5,0.5,1.0,2.0,1.0,1.25,4.25,3.75,1.5,1.5,1.75,1.5,0.5,1.75,3.75,4.5,2.25,1.25,2.0,1.0,3.5,3.75,4.0,3.5,3.5,3.25,1.5,0.75,0.5,1.5,3.5,4.0,2.25,0.75,0.0,1.5,1.5,1.75,2.25,2.25,1.0,0.75,1.25,0.75,1.5,0.75,1.5,0.75,0.75,1.25,1.75,1.5,1.0,1.25,0.75,0.75,1.0,1.25,1.75
57,0.5,0.5,1.25,1.75,1.0,1.0,0.25,0.25,1.25,1.25,0.75,3.5,3.25,1.5,1.75,1.0,0.5,1.25,1.75,3.75,4.25,2.0,2.0,1.25,0.0,2.75,3.25,3.5,3.25,2.75,3.0,0.5,0.25,0.0,0.5,2.75,3.5,2.0,0.25,0.25,0.25,0.5,1.5,2.25,1.75,1.25,0.75,0.75,1.5,1.0,0.75,1.25,0.75,0.75,0.5,0.75,1.25,0.5,1.0,0.75,0.5,0.75,0.75,1.0
58,0.75,1.25,2.0,1.75,1.5,1.5,0.5,0.25,0.75,1.0,2.75,4.5,4.5,2.5,1.5,0.75,0.5,1.0,3.75,3.75,4.0,3.0,1.0,0.25,0.75,2.25,3.25,3.75,3.25,2.75,2.75,0.25,0.25,0.0,1.5,3.25,3.75,2.0,0.25,0.5,1.0,1.0,1.5,2.25,2.0,1.5,1.0,1.0,1.25,0.75,0.75,1.0,0.75,0.75,1.0,0.75,1.75,1.0,1.25,0.75,1.0,0.5,1.25,1.25
59,0.25,1.0,1.25,1.25,0.75,1.0,0.25,0.25,1.0,1.5,1.25,3.75,3.25,0.75,2.75,1.0,0.75,2.0,1.75,3.5,3.75,1.75,2.75,0.5,0.25,3.0,3.5,3.75,3.0,3.25,3.25,0.75,0.25,0.0,1.25,3.0,3.5,1.75,0.0,0.0,0.75,1.0,1.0,2.25,1.75,1.0,0.5,0.75,1.0,0.75,0.5,1.25,0.5,0.25,0.5,1.25,1.5,0.75,1.0,0.75,0.5,1.0,0.75,1.25
60,0.25,0.5,1.5,1.5,1.0,1.25,0.0,0.5,1.25,0.75,1.0,4.0,3.0,1.0,1.0,1.25,1.75,0.25,1.5,3.0,3.75,1.75,0.75,1.75,1.0,2.75,3.25,3.5,3.0,3.0,2.5,1.0,0.25,0.25,1.0,3.25,3.25,2.0,0.25,0.0,0.75,0.25,1.0,2.0,1.25,1.25,0.5,0.75,1.25,0.75,1.0,1.5,0.75,0.25,0.5,0.75,0.75,0.75,1.0,1.0,0.5,0.75,1.0,1.75
61,0.5,1.25,1.5,1.75,1.0,1.25,0.75,0.75,1.25,2.0,1.0,4.0,3.25,1.75,3.25,0.75,1.0,2.0,2.0,4.0,3.75,2.25,3.0,1.0,0.5,3.0,3.0,3.75,3.5,3.75,3.75,1.0,0.5,0.0,1.0,3.25,3.75,2.0,0.5,0.5,0.75,1.25,1.5,2.25,2.25,1.5,0.75,1.75,1.5,1.25,1.25,1.0,1.0,0.75,1.0,1.0,1.5,1.0,1.75,0.75,0.75,1.0,1.25,1.5
62,0.75,1.5,2.5,2.5,1.5,1.0,0.25,1.25,0.75,1.0,2.75,4.25,4.75,2.5,1.25,1.0,0.75,1.0,3.75,3.75,4.25,3.75,1.5,0.5,0.0,2.5,3.0,4.0,3.25,3.0,3.25,1.25,0.25,0.5,1.5,3.75,3.5,2.5,0.0,0.0,1.25,1.5,1.25,2.25,2.25,1.5,0.5,1.25,1.0,1.0,1.5,1.5,1.0,0.75,1.0,1.0,1.5,1.25,1.5,1.25,1.0,2.0,0.75,1.0
63,0.75,1.0,1.0,2.0,1.5,0.75,0.25,1.5,1.5,1.5,1.0,3.75,3.5,1.5,2.25,1.75,1.0,0.75,2.0,4.0,4.0,2.5,1.0,1.5,1.25,3.25,3.25,4.0,3.5,3.25,3.0,1.5,1.0,0.25,1.5,3.75,3.5,2.0,0.5,0.0,1.0,1.75,1.5,2.25,2.5,1.25,1.0,1.25,1.25,1.25,1.5,2.0,0.75,0.75,1.25,1.0,1.75,1.25,1.75,1.5,1.5,1.25,1.0,1.5
64,1.0,1.0,2.0,2.0,1.25,1.25,0.0,0.25,1.5,1.0,1.75,3.5,3.75,1.5,2.0,1.5,1.25,0.75,1.75,4.0,3.75,2.0,1.25,1.25,0.5,2.75,3.25,3.75,3.25,2.5,2.5,0.75,0.25,0.5,1.0,3.5,3.75,2.25,0.0,0.5,0.75,1.25,1.25,2.5,1.75,1.25,0.75,1.25,1.25,1.0,0.75,1.25,0.75,0.5,1.0,1.0,1.5,1.5,1.5,1.25,1.0,1.0,1.0,1.5
65,0.5,0.5,1.5,2.0,1.0,2.75,0.0,0.75,1.0,1.5,3.25,4.25,4.25,3.25,1.25,1.0,0.75,1.5,2.5,3.75,4.0,3.0,2.75,0.75,0.25,1.75,3.0,3.75,3.5,2.5,2.0,0.5,0.75,0.0,0.75,3.25,3.75,2.25,0.25,0.25,0.5,1.0,1.5,2.5,1.75,1.5,0.75,0.75,0.75,1.25,0.75,1.25,0.75,1.0,0.75,1.25,1.25,1.5,1.75,0.75,1.25,1.25,1.5,1.25
66,1.25,1.5,2.5,2.0,2.0,3.25,1.25,1.0,1.0,1.75,2.25,4.25,4.0,2.5,2.0,1.5,1.0,2.25,2.75,4.25,4.0,2.5,3.5,0.75,0.0,2.25,3.25,3.5,4.0,3.0,2.75,1.0,0.5,0.25,1.25,3.5,4.0,2.5,1.0,0.5,1.0,1.5,2.0,2.5,2.0,1.25,1.25,1.5,1.25,1.25,2.0,1.5,0.75,1.0,1.0,1.75,2.0,1.75,2.0,1.25,1.25,1.25,1.75,1.5
67,0.5,0.75,1.0,1.25,1.5,0.75,0.0,1.5,2.0,0.75,1.25,3.75,3.25,1.25,1.5,2.75,1.25,0.75,1.75,3.25,4.0,1.75,1.0,1.75,0.75,2.75,3.25,4.0,3.0,3.0,2.5,1.0,0.0,0.0,1.25,3.25,3.5,2.0,0.25,0.0,1.0,0.75,1.25,2.5,1.75,1.0,0.25,0.75,1.0,0.75,1.0,1.25,0.75,0.5,0.5,1.25,1.25,0.75,1.25,1.0,0.75,1.0,1.0,1.5
68,1.0,2.5,2.25,1.75,1.5,2.75,0.75,1.0,1.25,1.75,1.75,4.25,3.75,3.25,1.75,1.25,0.5,2.25,2.0,3.75,4.25,2.75,3.25,1.0,0.0,2.25,3.25,4.0,3.5,2.75,2.25,0.25,0.5,0.25,1.0,3.5,3.5,1.75,0.5,0.5,1.0,1.0,2.0,2.25,2.0,1.5,1.0,1.5,1.25,1.0,1.0,1.25,1.25,1.0,1.0,1.25,1.75,1.0,1.5,1.25,1.5,1.0,1.25,1.25
69,0.0,1.5,2.25,2.0,2.75,1.25,0.0,0.75,0.75,1.25,2.75,4.25,3.75,3.0,1.0,1.0,0.25,1.75,2.5,3.25,4.0,2.75,2.5,0.25,0.0,1.5,2.5,3.75,3.25,2.75,2.25,0.0,0.25,0.25,0.5,3.5,3.25,1.75,0.5,0.5,0.75,1.0,1.0,2.0,1.75,1.0,1.0,1.25,0.75,1.0,1.0,1.0,0.5,0.75,0.75,1.0,1.25,1.0,1.25,0.75,0.25,1.0,1.0,1.5
70,0.0,0.25,1.25,2.25,1.25,0.75,0.0,0.75,1.25,0.75,1.25,4.0,3.25,1.5,1.0,1.75,2.0,0.25,1.75,3.75,4.0,2.0,0.75,2.75,1.5,3.0,3.5,3.75,3.25,3.25,2.5,1.25,0.0,0.25,1.0,3.25,3.5,1.75,0.5,0.0,0.75,0.75,1.0,2.0,1.75,1.25,1.0,1.0,0.5,0.5,1.5,1.25,0.75,0.25,0.5,1.25,1.75,0.75,1.0,1.0,0.25,0.25,1.0,1.25
71,0.75,1.0,1.75,2.0,1.25,1.5,1.25,1.0,1.25,2.25,1.25,3.25,3.75,1.75,2.0,1.25,0.75,2.25,1.75,3.75,4.0,1.75,2.5,0.5,1.0,2.75,3.5,3.25,3.5,3.25,3.0,0.75,0.5,0.0,0.5,3.5,3.75,2.0,0.25,0.25,0.75,1.25,1.5,2.25,1.75,1.5,0.75,1.5,1.5,1.25,1.0,1.5,0.25,0.75,0.75,1.25,1.5,1.0,1.0,0.75,0.75,1.0,1.25,1.75
72,0.5,1.0,2.0,1.75,1.25,1.0,0.25,1.25,0.75,1.0,2.0,3.75,4.25,2.5,1.0,0.5,0.25,0.75,3.75,3.25,4.25,2.75,1.25,0.0,0.5,2.25,2.5,4.0,3.25,3.0,3.0,0.5,0.0,0.0,1.0,3.25,3.75,1.75,0.0,0.25,1.0,0.5,1.5,1.75,1.75,1.25,1.25,1.5,1.25,1.0,1.0,1.25,0.25,0.5,0.75,0.75,1.5,1.5,1.0,0.5,1.0,0.75,1.0,1.0
73,0.25,1.5,1.5,1.75,1.25,1.25,1.25,0.0,1.0,1.75,1.0,3.0,3.75,1.5,2.25,1.0,0.75,1.25,1.75,3.5,3.75,1.5,1.25,1.25,0.5,2.5,3.25,3.25,3.5,2.75,3.25,1.0,0.25,0.0,0.75,3.0,3.75,1.25,0.0,0.25,0.75,0.75,1.25,2.0,1.5,0.75,0.75,0.75,1.0,0.5,0.5,1.0,0.5,0.75,0.5,1.0,1.5,0.75,1.0,0.75,1.0,0.75,0.75,0.75
74,0.75,1.0,2.0,2.0,1.75,1.0,0.25,1.0,1.5,1.5,1.25,4.25,4.25,2.0,0.75,2.25,2.0,1.0,1.75,3.75,4.0,2.25,1.0,2.25,1.25,3.0,3.5,4.0,3.25,3.0,2.5,0.75,0.25,0.75,0.75,3.75,3.5,2.0,0.25,0.0,0.75,1.25,1.5,2.5,2.0,1.0,0.5,1.0,1.0,1.0,1.25,1.5,0.75,0.25,1.0,1.0,1.75,1.0,1.5,1.0,1.0,1.25,1.5,1.0
75,1.0,1.25,2.0,1.75,1.0,1.75,0.5,0.75,1.0,1.5,1.75,4.25,3.5,3.5,1.5,1.0,0.5,1.75,2.0,3.75,3.75,3.0,2.5,0.75,0.5,2.75,2.75,3.75,3.0,3.25,2.75,0.25,0.5,0.0,0.75,3.5,3.5,2.0,0.0,0.5,0.5,1.25,0.75,2.0,1.5,1.25,1.25,1.0,1.25,1.0,1.25,1.0,0.75,1.0,1.0,1.25,1.75,1.0,1.75,1.25,1.0,1.0,1.5,1.25
76,1.25,0.75,2.0,2.0,1.0,1.5,0.0,0.75,1.0,0.75,3.0,4.0,4.25,2.0,1.5,0.75,0.5,1.25,3.75,4.25,4.25,3.0,1.25,1.0,0.25,3.0,3.25,3.5,3.5,3.0,3.25,0.5,0.75,0.25,1.0,3.25,3.25,1.5,0.25,0.5,1.0,1.0,1.75,2.5,2.0,1.25,0.5,1.0,0.75,1.25,1.25,1.0,0.5,0.0,0.5,1.0,1.5,1.25,1.5,0.75,0.5,1.0,0.75,1.25
77,1.25,0.5,1.5,2.25,1.5,1.25,0.0,1.0,1.5,1.25,1.5,4.0,4.25,2.0,1.75,3.0,2.0,0.75,2.25,4.0,4.25,2.25,0.75,2.25,1.5,2.75,3.75,4.0,3.75,3.5,3.25,1.75,1.25,0.75,1.5,3.25,4.0,2.5,0.75,0.25,1.0,1.0,1.5,2.0,2.25,1.75,1.0,1.75,1.75,1.25,1.0,1.75,1.5,1.0,1.0,1.5,1.75,1.25,1.5,1.5,1.25,1.25,1.0,2.0
78,0.0,0.75,1.5,1.5,0.75,0.75,0.5,1.25,1.5,1.0,1.25,3.5,3.25,1.0,1.25,1.5,0.75,1.75,1.75,3.75,4.0,2.0,1.5,1.0,0.5,2.75,2.75,4.0,3.25,3.5,3.5,1.25,0.0,0.25,1.0,3.25,3.75,1.5,0.5,0.5,1.0,1.0,1.25,2.25,1.75,1.0,1.0,1.25,0.75,1.25,1.25,1.0,0.25,0.5,1.0,1.25,2.0,0.75,1.25,0.75,0.75,1.25,1.0,1.25
79,0.25,0.75,2.75,2.0,2.0,1.25,0.75,1.0,0.75,1.0,2.75,4.25,4.0,3.25,1.75,0.5,0.75,0.75,3.5,4.25,4.25,3.75,1.5,0.75,1.0,2.75,3.0,4.0,3.5,3.25,3.25,0.5,0.25,0.25,1.5,3.5,4.0,2.0,0.0,1.0,0.5,1.0,1.75,2.25,2.0,1.75,1.25,1.25,1.0,1.5,1.25,1.25,0.5,0.75,1.0,1.5,2.0,1.25,1.5,1.25,0.5,1.0,1.25,1.5
80,0.25,1.25,1.75,2.0,1.0,0.75,0.5,1.0,1.5,2.0,1.75,3.75,3.75,1.25,2.5,1.0,0.5,1.75,1.75,3.75,4.25,2.25,2.5,1.25,0.75,3.25,3.5,3.75,3.25,3.0,3.25,0.75,0.0,0.5,1.0,3.25,3.5,2.0,0.5,0.75,1.25,1.0,1.75,1.75,1.5,1.25,1.25,1.5,1.25,1.25,0.75,1.25,1.0,0.25,0.75,1.0,1.0,1.5,1.25,0.75,0.5,0.5,1.25,1.25
81,0.0,0.75,1.25,1.75,1.0,1.5,0.75,0.75,1.25,1.25,1.0,4.0,3.5,1.5,1.0,2.0,1.5,0.5,1.5,3.75,4.25,1.5,1.25,0.75,1.0,2.5,3.5,3.75,3.5,3.25,2.75,1.0,0.25,0.75,0.75,3.5,3.75,2.0,0.25,0.5,0.75,0.75,1.25,2.5,1.25,1.25,0.75,1.0,1.0,1.0,1.25,1.5,1.0,0.5,0.5,1.0,1.25,0.75,1.25,1.0,0.75,0.75,0.25,0.75
82,0.0,0.5,2.0,1.25,0.75,1.0,0.25,0.0,0.25,1.75,1.0,4.0,3.0,1.75,2.25,0.5,0.25,1.5,1.25,3.25,3.5,1.5,2.5,0.25,0.0,2.75,3.0,3.25,3.0,2.75,2.75,0.0,0.25,0.25,0.75,3.0,3.5,1.5,0.0,0.0,0.5,0.75,1.5,2.0,1.5,1.0,0.75,0.75,1.0,0.5,0.5,0.75,0.25,0.0,0.0,1.0,1.25,0.5,1.0,0.0,1.0,0.5,1.0,0.75
83,0.75,1.25,2.25,2.25,1.5,1.75,0.75,1.0,1.0,1.25,2.75,4.75,4.5,3.5,1.25,0.75,1.0,1.5,3.75,4.25,4.5,3.75,2.0,0.75,0.75,3.0,3.25,4.25,3.75,3.5,3.25,0.75,0.75,0.5,1.5,3.75,3.75,2.25,1.0,0.0,0.75,1.5,2.0,2.0,2.25,1.75,1.25,1.25,1.25,1.25,1.25,1.75,0.75,1.0,1.25,1.75,1.5,1.5,1.5,1.25,0.75,1.25,1.25,1.25
84,0.75,1.0,1.5,2.25,0.75,1.0,0.75,0.25,0.25,1.75,1.25,5.25,3.0,1.25,2.75,1.0,0.25,1.75,1.75,4.0,3.5,2.0,2.5,0.5,1.0,2.75,3.75,3.75,3.5,3.0,3.0,0.75,0.0,0.5,0.5,3.0,3.5,2.0,0.25,0.0,0.75,1.0,1.25,2.0,2.0,1.25,0.75,1.0,1.0,1.0,0.75,1.75,0.25,0.75,0.25,1.25,1.25,1.25,1.0,0.5,1.0,0.75,0.75,0.75
85,0.75,0.5,1.5,2.0,0.5,1.0,0.75,0.5,1.25,0.75,1.5,5.25,2.5,1.5,2.0,1.25,1.5,0.5,1.25,3.75,3.75,2.0,1.5,1.0,1.0,2.75,3.0,4.0,3.25,2.5,2.5,1.0,0.25,0.75,1.25,3.25,3.5,1.75,0.5,0.25,1.0,0.75,1.25,2.25,1.5,0.75,0.5,1.0,1.0,0.5,0.75,1.25,0.0,0.5,0.25,1.5,1.5,0.75,1.0,0.75,0.75,0.75,1.0,0.75
86,0.5,0.75,2.0,2.0,1.25,0.75,0.25,0.5,0.75,1.0,2.5,4.75,3.75,2.25,1.0,0.75,0.5,0.75,3.25,3.75,4.0,3.25,0.75,0.5,0.0,2.5,3.5,4.25,3.5,3.25,3.0,0.5,0.25,0.5,1.0,3.5,3.75,2.0,0.25,0.25,0.75,0.75,1.5,2.5,1.75,1.0,0.75,1.0,1.25,1.0,0.75,1.75,0.75,0.5,1.0,1.0,1.25,1.0,1.25,0.5,1.0,1.0,1.0,0.75
87,1.25,1.25,1.5,2.5,1.5,1.25,0.25,0.5,0.5,1.0,3.0,4.75,4.0,2.75,1.0,0.75,0.5,1.25,3.5,4.25,4.25,3.5,1.5,0.25,0.75,2.75,3.25,3.75,3.5,2.75,2.75,0.25,0.25,0.5,1.25,3.25,3.25,1.75,0.5,0.0,1.25,0.75,1.5,2.25,1.5,1.5,1.5,1.5,1.25,1.25,1.0,1.5,1.0,0.25,0.75,0.75,1.75,0.75,1.25,0.75,0.5,1.0,1.0,1.75
88,0.5,1.25,1.75,1.75,1.0,1.25,0.25,0.0,1.75,0.75,0.75,4.0,3.25,1.25,2.0,1.0,1.25,0.25,1.5,3.5,3.5,1.25,1.25,1.25,1.0,2.75,3.25,3.5,3.25,3.25,3.0,1.25,0.75,0.5,1.25,3.0,3.75,1.75,0.75,0.25,1.25,1.0,1.25,1.75,1.75,0.75,0.5,0.75,0.75,0.5,0.25,1.25,0.25,0.25,0.75,0.5,1.5,1.25,1.0,0.5,0.75,1.0,1.0,1.25
89,0.5,0.5,1.75,1.5,1.25,1.5,0.5,0.5,1.25,1.25,1.25,3.75,3.25,1.0,2.5,1.0,0.5,1.0,1.5,3.5,4.0,2.0,2.5,0.5,0.5,3.25,3.25,3.75,3.25,3.0,2.5,0.5,0.25,0.5,1.0,3.5,3.75,1.75,0.0,0.25,0.5,1.25,1.25,2.0,1.75,1.0,0.75,1.0,0.75,1.0,1.25,1.25,0.25,0.25,1.25,0.75,1.0,0.75,0.5,0.75,0.0,0.75,1.0,0.75
90,1.25,1.25,2.25,1.75,2.25,1.5,0.25,1.0,0.75,1.5,3.5,4.5,5.0,2.75,2.25,1.0,1.0,1.0,3.5,4.5,4.5,3.25,1.5,0.75,1.0,3.0,3.5,3.75,3.75,3.0,3.25,0.0,0.5,0.75,1.5,3.75,4.0,2.25,0.25,0.5,0.75,1.0,2.0,2.25,2.0,1.5,1.25,1.25,1.25,1.25,1.25,1.5,1.25,1.25,1.0,1.5,1.25,1.5,1.5,0.75,1.0,1.25,1.25,1.25
91,1.25,1.5,2.0,1.75,2.0,1.75,1.0,0.75,1.0,2.25,1.75,3.5,4.75,2.25,3.0,1.0,1.0,2.75,2.75,4.0,4.25,2.75,3.25,1.25,0.75,3.0,3.25,3.75,3.75,3.25,4.0,0.75,0.75,0.5,1.25,3.5,3.5,2.25,0.75,0.0,1.5,1.25,1.75,2.75,2.25,1.75,1.25,1.25,1.0,1.0,0.75,2.25,0.5,1.0,1.5,1.5,1.75,1.5,1.5,1.0,0.75,1.25,0.75,1.75
92,0.25,0.5,1.0,1.5,2.5,1.25,1.0,0.5,1.0,1.0,1.0,2.25,5.25,1.75,1.0,2.25,2.0,0.5,2.0,3.25,4.25,2.25,1.5,2.0,1.0,3.25,3.25,4.0,3.75,3.5,3.0,2.5,0.0,0.25,0.75,3.5,3.75,2.25,0.75,0.5,0.5,1.25,1.0,2.0,2.0,1.25,0.75,1.0,1.25,1.0,1.0,1.25,0.25,1.0,1.0,1.0,1.75,1.0,0.75,1.0,0.75,0.5,1.25,1.0
93,0.75,1.75,2.5,1.25,3.5,2.5,1.75,1.75,0.75,2.0,2.75,2.0,5.0,3.75,3.25,2.0,0.5,1.25,2.75,3.75,4.75,3.75,3.75,1.0,0.0,1.75,3.25,4.0,4.0,3.5,3.5,2.25,0.75,0.75,1.25,3.25,4.25,3.25,0.75,1.0,1.5,1.75,2.25,2.75,2.5,2.25,2.0,1.75,1.75,1.75,1.75,1.75,1.25,1.75,2.0,2.5,2.0,1.5,1.75,1.0,1.0,1.5,1.75,1.75
94,0.5,1.5,1.5,1.75,2.25,2.0,0.5,0.25,0.5,1.5,1.25,3.25,4.25,4.0,2.0,1.25,0.25,0.25,2.5,3.5,4.75,3.5,3.25,1.0,0.5,0.75,3.0,3.25,3.5,3.25,3.25,1.5,0.0,0.25,0.5,3.0,4.0,2.5,0.5,0.5,0.25,1.25,1.5,1.75,2.0,1.5,1.75,1.0,1.25,0.5,1.5,1.0,1.0,1.0,1.0,1.5,1.25,0.75,1.5,1.0,1.25,1.5,1.5,1.5
95,1.0,1.0,1.25,0.75,2.25,1.25,0.75,0.5,0.5,1.0,1.0,1.25,5.25,2.5,1.5,1.5,1.0,1.75,1.25,2.75,4.5,3.25,1.5,2.0,0.25,2.25,2.75,3.75,3.5,3.5,3.0,3.0,0.0,0.0,1.0,3.0,3.5,3.0,0.5,0.25,0.5,1.0,1.5,1.5,1.75,1.5,1.25,1.25,1.25,0.75,1.0,1.0,0.5,1.0,1.0,1.25,1.0,1.25,1.25,0.75,1.0,0.75,1.0,1.5
96,0.5,0.75,1.0,0.5,1.75,1.0,0.25,0.5,0.75,0.75,1.0,1.5,4.5,2.5,0.75,2.0,0.0,1.25,1.0,2.5,3.75,2.5,1.0,1.5,0.0,1.5,2.25,3.25,3.0,3.0,2.25,2.25,0.25,0.0,0.5,3.0,3.25,2.0,0.0,0.5,0.75,0.5,0.75,1.75,1.75,1.25,0.5,1.25,0.5,0.75,1.0,1.0,0.5,0.25,0.75,0.75,0.75,1.0,0.75,0.5,0.5,0.75,1.0,1.0
97,0.5,1.0,2.0,1.0,1.75,1.5,0.5,0.25,0.75,0.75,2.75,2.0,4.25,3.0,1.5,1.0,0.5,0.5,3.25,2.75,4.25,3.75,2.0,0.5,0.0,0.75,2.75,3.75,3.5,3.25,3.25,1.0,0.0,0.25,0.5,3.0,3.5,2.75,0.25,0.0,0.75,1.0,1.5,1.75,1.75,1.25,1.0,1.0,0.75,1.0,1.0,1.5,0.5,0.75,0.75,0.75,1.0,0.5,1.0,0.75,1.0,1.0,1.25,1.75
98,0.25,1.25,1.5,0.5,2.0,1.0,0.75,0.75,0.75,1.5,1.0,1.0,5.25,1.75,2.0,1.25,0.25,1.5,1.5,2.25,4.0,2.5,1.0,2.25,0.25,1.75,2.25,3.5,3.5,3.0,2.5,2.5,0.25,0.25,0.0,2.75,3.25,2.25,0.5,0.0,0.5,0.5,1.0,1.5,1.5,1.0,0.5,1.5,0.5,0.5,1.0,0.5,0.5,0.5,0.5,1.25,1.25,0.5,0.5,0.5,0.5,0.25,0.5,1.5
99,0.25,0.75,1.25,1.25,2.0,1.5,0.5,0.5,1.25,1.0,1.0,1.5,4.75,2.25,1.25,1.25,0.75,1.25,1.25,2.5,4.5,2.0,1.0,1.75,0.0,2.5,3.0,3.75,3.75,3.25,3.0,2.25,0.25,0.25,1.0,2.75,3.75,2.75,0.5,0.5,1.0,1.0,1.5,1.75,2.0,1.75,1.25,0.5,1.5,0.75,0.75,1.25,0.5,1.0,1.25,1.25,1.25,1.25,1.25,0.75,0.75,1.0,1.5,1.75
100,1.25,0.75,1.75,1.0,2.0,1.5,1.5,1.0,0.5,1.75,2.25,1.5,5.25,2.0,3.0,1.5,0.25,1.5,1.75,2.75,4.75,2.75,2.5,1.25,0.5,1.75,3.0,3.75,3.75,3.5,2.75,1.5,0.25,0.0,1.0,3.5,4.0,2.75,0.0,0.75,1.25,1.5,1.25,1.75,2.25,1.5,1.25,1.0,1.0,1.0,1.5,1.25,1.0,0.75,1.25,1.0,2.0,0.75,1.5,1.0,0.75,1.0,0.75,1.75
101,0.0,0.5,1.5,2.0,2.25,2.0,0.25,0.5,1.0,1.0,2.5,3.0,5.75,3.75,1.75,1.0,0.75,1.25,2.75,2.75,5.0,2.75,3.5,1.0,0.0,1.0,2.75,3.75,4.25,3.5,3.0,1.5,0.25,0.25,0.75,3.0,4.0,2.75,0.5,0.5,1.0,1.0,1.0,2.0,2.0,1.5,1.5,1.0,1.75,1.25,1.25,1.25,0.75,1.25,1.5,1.25,1.5,1.25,1.5,0.75,1.25,1.25,1.5,2.0
102,0.75,1.25,1.0,1.0,1.75,1.25,0.75,0.75,0.75,1.5,1.0,1.75,5.0,1.75,2.0,1.75,0.75,1.5,1.25,2.25,4.0,2.0,1.0,2.5,0.5,1.75,3.0,3.5,3.75,3.0,2.75,1.75,0.25,0.0,0.5,2.75,3.5,2.25,0.0,0.25,0.5,1.25,0.5,2.0,1.75,1.5,0.5,1.25,0.5,0.75,0.5,1.0,0.75,0.25,1.0,1.25,1.5,1.0,1.0,0.75,0.5,1.0,1.0,1.5
103,0.75,1.0,1.75,1.25,1.5,1.0,0.5,1.5,1.25,1.75,1.0,1.75,5.25,2.0,1.5,1.0,0.5,1.75,1.25,2.5,4.0,2.5,1.25,1.75,0.5,2.0,3.0,3.75,3.5,3.0,2.5,1.0,0.75,0.0,0.75,3.0,3.5,2.75,0.5,0.25,1.0,1.0,1.25,1.75,1.75,1.25,0.75,0.75,1.0,1.0,1.0,1.25,0.75,0.75,1.25,1.5,1.0,1.5,1.0,1.0,1.0,0.5,1.0,1.25
104,0.25,0.75,2.25,1.75,2.25,2.5,1.0,1.25,0.75,1.75,2.75,2.5,5.5,3.0,2.5,1.5,0.75,1.75,2.5,3.0,4.75,2.75,3.25,1.5,0.5,1.75,2.5,3.75,3.75,3.25,2.5,0.75,0.5,0.0,0.5,3.25,3.75,2.75,1.25,0.75,0.75,1.5,1.75,2.0,2.5,1.5,1.5,1.25,1.5,0.75,1.25,1.5,1.25,1.25,1.5,1.5,1.75,1.75,1.5,1.25,1.0,1.5,0.5,1.75
105,0.75,1.25,1.75,2.0,2.75,2.25,0.5,0.5,1.0,1.5,2.5,2.75,5.75,3.0,2.75,1.25,0.5,1.5,2.25,3.25,4.75,2.5,2.75,1.0,0.0,1.25,2.0,3.75,3.5,3.75,2.75,1.25,0.5,0.0,0.75,3.0,3.75,2.5,0.5,0.5,0.5,1.0,1.75,1.75,2.5,1.5,1.25,1.5,1.25,1.0,0.5,1.0,1.0,0.5,0.75,1.25,1.75,1.5,1.25,1.0,0.75,0.75,1.25,2.0
106,0.75,0.75,1.5,1.0,1.25,1.0,0.5,1.0,0.75,1.25,1.0,1.75,4.5,1.75,1.0,2.0,0.5,1.0,0.75,2.25,4.25,2.25,1.0,2.25,0.0,2.0,2.5,3.5,3.0,3.25,2.5,1.75,0.25,0.0,0.25,3.0,3.5,2.5,0.0,0.0,0.25,0.5,1.25,2.0,1.5,1.25,1.0,0.75,0.75,0.5,0.5,0.75,0.25,0.5,0.5,1.25,1.5,1.0,1.5,0.5,0.75,1.0,1.25,1.5
107,0.5,1.0,1.25,1.25,1.75,1.25,0.75,1.25,1.0,1.75,1.5,2.0,5.0,2.25,2.0,1.0,0.5,2.25,1.25,2.75,4.25,2.5,1.5,1.75,0.0,1.5,2.5,4.0,3.5,3.5,2.5,1.25,0.25,0.25,1.0,3.0,3.75,2.25,0.0,0.0,1.25,0.75,1.0,1.75,2.0,1.0,1.0,1.25,1.0,1.25,1.0,1.5,0.25,0.25,1.0,1.0,1.75,1.25,0.75,0.75,1.25,1.0,1.25,1.5
108,1.0,1.25,2.25,2.0,2.25,1.5,0.75,0.75,0.75,1.25,2.25,3.5,5.0,3.0,1.5,1.25,1.0,1.5,3.0,3.25,4.5,3.0,2.75,1.0,0.25,0.5,2.5,4.0,4.0,3.5,2.75,0.75,0.75,0.0,0.75,3.25,4.0,2.5,0.25,0.0,1.5,1.0,1.75,2.5,2.5,2.0,1.0,1.5,1.5,1.25,1.0,1.75,0.75,1.5,0.75,1.75,1.25,1.0,1.5,0.75,1.25,0.75,1.5,1.5
109,0.0,1.0,2.0,1.75,1.75,1.75,0.25,0.75,0.0,1.0,3.0,2.5,4.75,2.25,2.25,1.5,0.5,1.25,2.0,3.0,4.5,2.75,2.5,1.5,0.25,1.75,2.5,3.75,3.5,3.25,2.25,1.5,0.25,0.0,1.0,3.0,3.75,2.25,0.75,0.25,0.5,1.25,1.25,1.75,1.75,1.25,1.5,1.5,1.5,1.0,1.0,1.0,0.75,1.0,1.25,0.75,1.5,1.25,1.5,1.25,0.75,1.5,1.25,1.75
110,1.0,0.75,1.25,1.0,1.75,0.75,0.0,0.75,1.0,1.5,1.25,2.25,4.75,1.5,1.0,2.25,0.5,1.25,1.25,2.75,4.25,2.5,1.0,2.25,0.25,2.25,2.75,3.25,3.25,3.5,2.75,1.5,0.5,0.0,0.5,3.0,3.25,2.25,0.0,0.0,0.5,0.75,1.0,1.5,2.0,1.5,1.0,0.75,1.25,1.0,1.0,0.75,1.0,0.75,0.5,1.25,1.75,0.5,1.25,0.75,1.25,0.75,0.75,1.0
111,0.5,0.5,2.0,1.25,1.0,2.0,0.25,0.75,0.25,1.0,3.0,3.25,4.5,2.75,1.75,1.0,0.25,1.0,2.25,3.0,4.5,2.25,3.25,0.5,0.25,0.75,2.25,3.75,3.5,2.5,2.25,0.5,0.0,0.0,0.75,3.0,3.75,2.75,0.0,0.0,0.75,0.5,1.5,2.0,1.75,1.5,1.0,1.0,0.5,1.0,0.75,1.0,0.5,0.75,0.0,0.75,1.25,1.0,0.75,1.25,0.75,0.75,0.75,1.75
112,0.5,1.25,1.25,1.75,1.5,1.25,0.25,0.5,0.5,1.25,1.75,3.25,4.25,3.25,1.5,1.0,0.0,1.25,2.75,3.5,4.25,3.0,3.0,0.75,0.5,1.25,2.5,3.25,3.25,3.0,2.25,1.0,0.5,0.0,0.5,2.75,3.75,2.25,0.0,0.0,0.75,0.25,1.5,1.75,2.0,1.0,1.25,0.75,0.75,1.0,1.25,0.75,0.5,0.75,0.75,1.0,1.5,1.0,1.25,0.5,0.25,1.0,1.0,2.0
113,0.75,1.75,2.0,1.75,1.75,1.0,1.25,1.0,1.25,1.75,1.25,3.75,4.75,2.25,2.25,2.0,1.0,1.75,1.75,3.5,5.0,3.25,1.75,2.5,1.0,2.75,3.0,4.0,3.75,3.5,3.0,1.75,0.0,0.75,1.25,3.5,3.75,3.0,0.25,0.75,0.75,1.75,1.5,2.5,2.5,1.5,1.25,1.5,1.0,1.5,1.0,1.5,1.25,1.0,1.25,1.75,2.25,1.25,1.75,1.0,1.75,1.5,1.25,1.75
114,0.5,1.0,1.75,1.5,1.0,1.5,1.75,0.75,0.75,2.25,1.0,4.25,4.5,1.5,1.75,1.25,1.25,2.0,1.0,2.75,4.5,2.25,2.0,0.75,0.25,2.25,3.0,3.5,3.75,3.0,2.5,0.75,0.0,0.0,0.75,3.25,3.75,2.75,0.25,0.5,1.0,1.25,1.75,2.25,1.75,1.25,0.75,1.0,1.5,1.25,0.75,1.25,0.75,1.25,1.25,0.75,1.25,1.5,1.0,1.0,1.25,1.0,1.5,1.5
115,0.5,1.0,2.0,2.25,1.5,1.75,0.75,1.0,1.5,1.0,2.25,4.25,5.0,3.25,1.5,1.5,1.5,1.0,3.25,4.0,4.75,3.5,3.0,1.0,1.0,2.0,3.5,3.75,4.25,3.25,3.25,1.0,0.5,0.0,1.0,3.25,3.75,3.0,0.75,0.5,1.25,1.75,2.0,2.75,2.25,1.75,1.25,1.25,1.5,1.25,1.5,1.5,1.0,1.0,1.25,1.5,2.0,1.5,2.0,1.5,1.0,1.0,1.75,2.25
116,0.0,0.75,1.75,2.0,2.0,1.75,0.75,0.75,1.0,2.25,1.5,3.75,4.0,2.5,2.75,1.5,0.75,2.25,1.5,3.5,4.25,2.5,2.75,1.25,0.5,2.5,3.0,3.75,3.5,3.5,2.25,1.5,0.0,0.5,0.75,3.25,3.75,2.5,0.0,0.75,1.25,1.0,1.75,2.0,2.25,1.5,0.75,1.0,1.0,1.0,1.25,0.75,1.25,1.0,1.0,1.25,1.5,1.0,1.25,1.0,0.75,1.0,1.0,1.5
117,0.5,0.5,1.25,1.0,1.5,1.0,0.25,1.0,1.0,1.0,1.0,3.25,4.5,2.0,1.25,2.25,0.75,1.5,1.5,3.0,4.0,2.0,0.75,2.25,0.5,2.5,3.25,4.25,3.75,2.75,2.75,1.25,0.25,0.25,0.75,3.25,4.0,2.5,0.0,0.25,1.25,0.75,1.5,2.0,2.0,1.0,1.0,1.0,1.25,1.0,0.75,1.75,1.25,0.75,0.75,1.5,1.25,0.75,1.25,1.0,1.0,0.75,1.25,1.25
118,0.75,0.5,1.75,1.25,1.0,0.75,1.0,1.25,0.75,1.5,1.0,2.75,4.5,1.25,2.5,0.5,0.25,1.5,1.0,2.75,4.0,2.25,2.0,0.75,0.25,2.0,2.75,3.25,3.25,2.75,2.25,1.5,0.25,0.0,0.5,3.25,3.75,2.25,0.0,0.25,0.5,1.0,1.25,1.75,2.0,1.25,0.75,1.0,1.0,1.0,1.0,1.25,0.75,0.25,1.0,1.0,1.25,1.0,0.5,0.75,0.5,0.75,1.0,1.5
119,0.5,1.5,1.75,1.5,1.75,1.25,0.25,0.5,0.5,1.0,1.5,3.0,3.75,2.5,1.0,0.75,0.0,1.5,3.25,3.5,4.75,3.5,2.75,1.0,0.75,1.5,2.5,4.0,3.75,3.25,2.5,1.0,0.25,0.75,0.5,3.25,4.0,2.75,0.5,0.25,1.0,0.5,2.25,2.25,2.0,1.5,1.5,1.25,0.75,1.25,0.75,1.5,0.75,0.75,1.25,1.5,2.0,1.25,1.5,1.0,1.0,1.0,1.25,1.25
120,0.5,0.75,2.75,2.25,2.25,2.0,1.5,0.75,1.25,1.5,3.25,3.25,5.25,3.25,2.5,1.5,0.5,1.75,2.5,3.5,5.0,2.75,3.5,1.25,0.5,2.5,3.0,4.5,4.25,4.0,3.25,1.75,0.75,0.0,1.0,3.5,4.5,3.5,1.0,1.0,1.5,1.75,1.5,2.5,2.0,1.75,1.25,1.75,1.75,1.5,1.25,1.5,1.75,1.0,1.0,1.75,2.0,1.5,2.0,1.5,1.75,1.75,1.75,2.5
121,0.5,0.5,1.75,1.5,2.0,1.25,0.75,1.25,1.25,1.75,1.25,3.0,4.75,1.75,1.5,1.25,0.75,1.25,1.5,3.0,4.5,2.75,1.25,2.0,0.0,2.5,3.25,3.75,3.5,3.25,2.75,1.5,0.0,0.5,0.75,3.5,3.75,2.5,0.75,0.25,1.25,1.5,1.5,2.0,2.0,1.5,1.0,1.25,1.25,1.5,1.25,1.5,1.5,0.5,0.75,1.0,1.5,0.75,1.5,0.75,0.75,1.25,1.25,2.25
122,1.0,0.75,2.25,1.0,1.25,1.75,0.75,0.5,1.0,1.25,2.5,3.5,4.0,2.5,2.0,0.75,0.5,1.5,1.5,3.0,4.25,2.5,3.0,1.0,0.0,1.75,2.75,4.0,3.25,3.5,2.25,0.75,0.25,0.0,0.75,2.75,3.5,2.25,0.5,0.0,0.75,1.0,1.5,2.25,1.75,1.25,0.75,1.0,1.25,1.0,1.0,1.5,0.75,0.5,0.75,1.5,1.5,0.75,0.5,1.0,1.25,1.0,1.25,1.75
123,1.0,0.5,2.0,2.0,1.0,1.75,0.5,1.0,1.0,1.25,2.5,3.75,4.0,3.25,1.5,0.75,0.25,1.25,3.0,4.0,4.0,3.0,3.25,0.75,0.25,2.25,2.5,3.5,3.75,3.0,2.25,0.75,0.75,0.0,0.75,3.5,3.5,2.5,0.5,0.5,0.5,0.75,1.75,1.75,2.0,1.25,1.0,1.0,1.25,1.0,1.0,1.0,0.5,0.75,0.75,1.5,1.25,1.0,1.25,1.25,1.75,1.5,1.75,1.75
124,0.5,0.0,1.25,1.75,1.25,1.25,0.5,0.5,1.5,1.0,1.25,3.5,3.25,1.25,1.5,0.75,0.75,0.75,1.75,3.5,4.0,2.25,1.25,1.0,0.5,3.0,3.5,3.75,3.25,2.75,1.75,0.5,0.0,0.25,0.5,3.25,4.0,1.75,0.0,0.0,1.0,0.5,1.5,2.25,1.5,1.0,0.5,0.5,0.75,0.75,0.75,1.25,0.5,0.75,0.75,0.75,1.25,1.25,0.5,0.75,1.0,0.75,1.0,0.75
125,1.25,0.5,1.75,2.0,1.5,1.0,1.0,1.25,1.5,1.25,1.5,3.75,3.75,1.25,2.5,1.0,1.25,0.75,1.5,3.25,4.0,2.0,2.0,0.75,0.5,2.75,3.5,3.75,3.5,3.5,2.25,1.25,0.0,0.5,1.0,4.0,4.25,2.25,0.5,0.5,1.25,1.0,1.5,2.25,2.0,1.25,1.0,0.5,1.25,1.0,0.75,1.25,0.75,0.75,1.0,1.25,2.0,1.0,1.25,1.0,0.75,1.5,1.5,2.0
126,0.75,1.25,2.0,1.5,1.0,1.75,1.0,0.5,1.25,2.25,1.0,4.25,4.0,3.0,2.0,1.25,1.0,2.25,1.5,3.75,4.5,2.25,3.25,0.75,0.0,2.5,3.0,3.75,3.5,3.0,2.0,0.25,0.75,0.5,1.0,3.25,3.75,2.5,0.25,1.0,0.75,1.0,1.75,2.0,2.0,1.5,1.5,1.0,1.25,1.0,1.25,1.5,0.75,0.5,1.25,1.0,1.75,1.0,1.5,0.75,1.25,1.0,1.0,1.25
127,0.5,0.75,1.75,1.75,1.0,1.0,0.5,0.0,0.25,0.75,2.5,3.75,3.75,2.0,1.0,0.75,0.5,1.5,2.75,3.75,4.25,3.25,2.5,0.25,0.5,2.75,2.75,4.0,3.5,2.75,2.0,0.25,0.0,0.25,1.0,3.25,3.5,2.0,0.25,0.0,1.0,1.25,1.25,2.0,1.75,1.0,0.75,1.5,1.0,1.25,1.0,1.0,1.0,0.75,1.25,1.25,1.0,1.25,1.5,0.75,0.75,0.75,1.0,1.0
128,0.75,0.75,2.0,2.25,1.25,1.0,0.75,0.5,1.75,1.5,1.5,4.0,4.0,1.75,2.5,1.0,1.25,1.5,1.75,3.5,4.25,2.25,1.75,1.5,0.75,3.0,3.5,3.75,3.5,3.5,2.75,0.75,0.75,0.5,1.5,3.75,4.25,2.25,0.0,0.75,1.25,1.0,1.25,2.25,2.0,1.0,1.25,1.0,1.25,1.25,1.0,1.25,1.0,0.75,0.75,1.25,1.25,2.0,1.75,1.0,1.25,1.0,1.25,2.25
129,0.5,0.75,1.5,1.25,0.75,0.75,0.0,0.5,0.5,0.75,1.25,3.75,3.5,1.25,1.75,0.75,1.0,0.75,0.75,3.25,3.5,1.75,1.5,0.5,0.5,2.75,2.75,3.5,3.0,2.5,2.25,0.0,0.5,0.0,0.5,2.75,3.25,2.0,0.0,0.0,0.5,0.5,1.0,1.75,1.5,1.25,0.75,0.75,1.25,0.5,1.0,1.0,0.75,0.0,0.0,1.0,0.5,0.5,0.5,0.5,0.25,0.75,0.5,0.5
130,0.0,1.0,2.0,2.25,1.25,1.75,0.5,1.0,0.5,1.25,2.5,4.5,4.25,3.0,1.5,1.0,1.25,2.0,2.5,3.5,4.0,2.5,2.75,1.0,0.5,2.0,3.0,3.75,3.25,3.0,2.0,0.25,0.25,0.25,1.0,3.5,3.5,2.25,0.25,0.0,0.5,0.75,1.5,1.5,1.75,1.0,1.25,1.25,0.75,0.75,1.5,1.25,1.0,0.75,0.5,1.25,1.5,1.75,1.0,0.75,1.0,1.25,1.25,1.5
131,1.5,1.0,2.75,2.25,2.25,2.25,1.25,0.75,1.0,2.0,2.75,4.25,4.5,3.75,2.0,1.5,1.0,2.5,2.5,3.75,4.75,3.0,3.0,1.5,0.75,2.75,3.0,3.75,3.75,2.75,2.5,0.75,0.75,0.25,1.25,3.75,4.0,2.5,0.0,0.5,1.25,1.5,1.5,2.5,2.5,1.5,1.25,1.5,1.25,1.5,1.25,1.5,1.25,1.25,1.0,2.0,1.75,1.75,2.0,1.5,0.75,1.5,1.0,1.75
132,0.25,1.0,1.5,2.0,1.25,0.5,0.25,0.75,0.75,1.0,1.0,3.5,3.5,1.0,1.5,0.75,0.5,1.0,1.5,3.25,3.75,1.75,1.25,0.5,0.5,2.5,3.0,3.25,3.25,3.0,2.5,0.75,0.25,0.25,0.5,3.75,3.25,2.25,0.0,0.0,1.0,1.0,1.0,2.25,1.25,0.75,0.75,0.75,0.75,0.75,0.5,1.0,0.0,0.5,0.75,0.5,1.25,1.0,1.25,1.0,0.5,1.0,1.0,1.0
133,1.0,1.5,2.0,2.0,1.25,1.5,1.25,1.25,1.0,2.0,1.75,4.25,4.0,1.5,2.75,1.5,0.75,2.0,1.75,3.5,4.25,2.25,3.0,0.75,0.75,2.0,3.0,3.75,3.25,3.0,2.25,0.75,0.5,0.0,1.0,3.5,4.0,2.25,0.75,0.5,1.5,1.75,1.5,2.75,2.25,1.0,1.25,1.25,1.25,1.0,1.5,1.5,1.25,0.75,1.0,1.25,1.5,1.5,1.25,0.75,1.0,1.0,0.75,0.75
134,0.75,0.5,1.75,2.0,1.5,1.5,0.5,1.0,1.25,1.25,2.75,4.5,3.75,3.25,1.75,0.25,0.0,2.0,2.5,3.75,3.75,2.75,2.75,0.25,0.5,1.5,2.5,3.75,3.5,2.25,1.5,0.0,0.0,0.0,0.5,3.5,3.5,2.0,0.5,0.5,0.75,1.0,1.5,2.5,1.75,1.5,0.75,1.25,1.25,0.75,1.0,1.25,0.25,0.5,0.5,1.5,1.5,0.75,0.75,0.75,1.0,0.5,1.0,1.0
135,0.75,1.25,1.75,1.5,1.25,1.75,0.75,0.75,0.75,2.25,1.75,4.0,3.5,1.75,2.25,1.0,0.5,1.75,1.75,3.75,3.75,2.25,3.0,0.75,0.25,3.0,2.75,3.75,3.0,2.75,1.75,0.5,0.75,0.25,1.0,3.25,3.5,2.0,0.0,0.0,1.0,1.0,1.5,2.0,1.75,1.25,0.75,1.0,1.25,1.0,1.0,1.5,0.5,0.75,0.25,1.25,1.0,1.25,0.75,0.5,1.0,1.0,1.25,1.25
136,0.25,0.75,1.75,1.75,1.25,1.0,0.25,0.5,1.0,1.0,1.25,4.25,3.25,1.5,2.0,1.0,1.0,1.0,1.25,3.5,3.5,2.0,1.75,0.5,0.75,2.75,3.0,3.5,3.25,3.0,2.0,0.5,0.5,0.25,1.0,3.75,3.0,2.25,0.25,0.0,0.75,1.25,1.5,2.25,1.75,1.75,0.75,1.0,1.0,0.75,1.25,1.5,0.75,0.5,1.0,1.25,1.75,0.5,1.5,1.0,0.75,1.0,1.25,1.25
137,0.5,1.25,2.0,1.75,1.25,1.75,0.75,0.5,1.5,1.75,2.5,4.5,3.5,2.75,2.0,1.0,0.25,2.25,2.25,3.75,4.25,2.5,3.0,1.0,0.25,3.0,3.25,4.25,3.75,3.25,2.5,0.75,0.75,0.75,1.0,4.0,3.75,2.5,0.0,0.5,0.75,1.5,2.0,2.75,2.0,1.75,1.5,1.5,1.25,1.25,1.5,1.25,1.25,1.25,1.0,2.0,1.75,0.75,1.5,0.75,1.0,1.5,1.5,1.75
138,0.25,1.25,2.0,1.75,1.75,1.5,0.5,1.25,0.5,1.25,2.25,3.5,3.75,3.0,1.5,0.5,0.25,1.75,2.5,3.5,3.75,2.5,2.75,0.5,0.25,1.75,2.75,3.75,3.25,3.0,1.75,0.25,0.5,0.0,0.75,3.0,3.5,2.0,0.0,0.0,0.75,1.25,1.25,2.0,1.5,1.25,1.0,1.0,0.75,1.0,0.75,1.5,0.5,0.0,0.5,1.0,1.25,1.0,1.25,0.75,0.25,0.5,0.5,1.5
139,0.25,1.5,1.75,1.75,1.75,1.0,1.25,0.75,1.25,2.25,1.25,4.25,3.75,1.25,3.0,1.0,1.0,1.75,2.0,3.75,4.0,2.25,1.75,1.0,1.0,2.5,2.75,3.75,3.5,3.0,2.5,1.0,0.75,0.5,0.75,3.5,3.5,2.0,0.0,0.25,1.25,1.5,1.75,2.25,2.25,1.5,1.0,1.0,1.25,1.0,1.25,1.5,1.0,0.75,1.0,1.0,1.5,2.0,1.5,1.25,1.25,1.25,1.0,1.75
140,1.0,0.75,1.5,1.75,1.25,1.5,0.25,0.5,1.75,1.25,1.5,3.75,3.5,1.5,1.5,1.5,1.0,1.25,1.5,3.5,4.0,2.0,1.5,1.5,0.75,2.75,3.0,3.75,3.25,3.0,2.25,0.5,1.0,0.25,1.25,3.5,3.75,1.75,0.0,0.0,0.75,1.0,1.25,2.0,2.25,1.5,1.25,1.0,1.25,1.0,0.75,1.5,0.75,0.5,1.25,1.0,1.75,0.75,1.25,1.5,0.75,1.5,1.25,1.75
141,0.5,0.75,2.75,1.75,1.25,2.25,0.25,1.25,0.25,1.25,2.75,4.25,4.25,3.0,1.75,1.0,0.5,2.0,2.5,3.75,4.25,2.5,3.0,0.75,0.5,1.5,3.25,4.0,3.5,3.0,2.25,0.5,0.0,0.5,1.0,3.5,3.75,2.5,0.75,0.0,0.75,1.5,1.75,2.75,2.0,1.25,1.25,1.75,1.0,1.25,1.0,1.75,0.75,1.0,0.5,1.5,1.0,1.25,1.0,0.75,1.0,1.0,1.0,1.25
142,1.0,1.0,2.0,2.5,2.0,1.75,0.75,1.0,0.75,0.75,2.75,4.25,4.5,3.25,1.75,0.75,1.0,2.25,3.0,3.75,4.5,2.75,3.25,0.5,0.5,2.25,2.75,3.75,3.75,2.75,2.0,0.5,0.5,0.0,1.25,3.5,3.5,2.25,0.25,0.25,1.0,1.25,1.25,2.25,2.0,2.0,1.0,1.25,1.25,0.5,1.25,1.5,1.0,0.75,1.25,1.25,1.5,1.25,1.25,1.5,0.75,1.25,1.25,1.75
143,0.0,0.5,1.5,1.25,0.75,1.0,0.0,0.0,0.75,1.0,1.25,3.0,3.75,1.25,1.25,1.25,0.75,0.5,1.5,3.0,3.75,2.0,1.25,1.0,0.5,2.25,2.75,3.5,3.25,2.75,2.5,0.25,0.25,0.0,0.5,3.25,3.5,1.75,0.5,0.75,0.25,0.75,1.0,1.75,1.75,1.0,0.5,1.0,0.75,1.0,0.75,1.0,0.75,0.75,0.75,1.25,1.0,1.75,0.5,0.75,0.25,0.75,0.75,1.25
144,0.5,1.0,1.5,1.0,0.75,1.0,0.5,0.5,0.75,1.0,0.75,3.0,3.75,1.0,1.0,1.5,0.5,1.0,0.75,3.0,4.0,1.75,1.0,1.25,0.75,2.5,2.75,3.25,3.25,2.75,1.75,0.25,0.0,0.25,1.25,3.25,3.5,2.0,0.0,0.0,0.5,0.5,1.25,2.0,1.75,1.0,0.75,0.75,0.5,0.75,0.75,1.0,0.75,0.0,0.75,1.0,1.0,1.25,1.25,0.5,0.25,0.5,1.25,1.25
145,0.25,1.25,2.25,2.25,1.0,2.5,0.75,0.75,1.0,1.0,2.75,3.75,3.75,2.5,1.75,1.0,0.75,2.0,2.5,3.5,3.75,2.25,3.25,0.75,0.5,1.0,2.5,3.75,3.5,2.75,1.25,0.5,0.25,0.0,0.75,3.5,3.5,2.0,0.25,0.0,1.0,0.75,1.75,2.0,2.0,1.5,1.0,1.0,1.0,1.0,1.25,1.5,1.25,0.5,1.0,1.0,1.25,1.0,1.5,0.75,0.5,0.75,1.25,1.5
146,0.75,1.75,2.5,2.25,2.25,2.5,0.75,0.5,1.25,2.0,3.25,4.0,4.5,3.25,2.5,1.5,1.0,2.25,2.75,4.0,4.75,2.75,3.5,1.5,1.0,2.25,3.75,4.0,3.75,3.0,2.5,0.75,0.75,0.0,1.0,4.0,4.5,2.25,1.0,0.5,1.5,1.5,2.0,2.5,2.5,1.75,1.75,1.75,1.5,1.5,1.75,2.0,1.25,1.25,1.25,2.25,2.5,1.5,1.75,1.75,1.75,1.5,1.75,2.25
147,0.75,1.0,1.75,1.75,1.5,1.0,0.75,0.75,1.5,1.25,1.25,3.75,4.0,1.75,1.75,1.25,1.0,1.0,1.75,3.75,4.0,2.5,1.25,1.0,0.75,3.0,3.25,3.5,3.5,2.5,2.5,1.25,0.0,0.25,0.75,3.75,3.75,1.75,0.0,0.25,0.5,1.25,1.25,2.5,2.0,1.25,1.0,1.0,1.25,1.0,1.0,1.25,1.25,0.75,0.75,1.5,1.75,1.0,1.25,1.25,0.75,1.25,1.0,1.5
148,1.0,1.25,2.0,2.0,1.5,1.25,1.0,1.0,0.75,2.0,1.75,4.25,4.0,1.5,2.5,1.25,1.0,2.0,2.0,3.75,4.0,2.0,2.5,1.0,1.0,2.5,3.0,4.0,3.5,3.0,2.25,0.75,0.25,0.0,1.25,4.0,4.0,2.25,0.75,0.5,1.0,1.25,1.5,2.25,2.5,1.25,1.25,1.75,1.5,1.25,1.5,1.75,1.0,1.25,1.5,1.25,2.25,1.5,1.25,1.5,1.5,1.25,1.25,1.75
149,1.0,1.5,2.0,2.25,1.5,1.75,0.25,0.75,0.75,1.25,2.5,4.0,4.5,3.0,1.5,1.25,1.0,2.0,3.25,4.0,4.5,3.5,3.25,0.5,0.5,1.75,2.75,3.5,3.75,2.5,1.75,0.5,0.25,0.5,1.0,3.5,3.75,2.5,0.0,0.75,1.0,1.25,2.0,2.5,2.0,1.5,1.75,1.25,1.5,1.0,1.25,1.5,1.5,1.5,1.5,1.75,1.5,1.25,1.75,1.5,1.0,1.0,1.25,1.5
150,0.25,1.0,2.0,1.75,1.25,1.75,0.75,1.25,1.25,1.75,2.5,3.75,3.75,2.0,2.25,1.0,0.5,2.25,2.0,3.75,4.25,2.25,2.75,1.0,1.0,2.5,3.25,3.5,3.5,3.0,2.25,0.25,0.0,0.5,0.75,3.75,3.5,1.75,0.5,0.75,0.75,1.25,1.25,2.25,2.25,1.25,0.75,1.0,1.0,1.0,0.75,1.25,1.25,0.75,1.0,1.5,2.0,1.0,1.25,0.5,0.75,0.75,1.0,1.75
151,0.5,0.5,1.5,2.0,1.25,1.25,0.75,0.5,0.75,1.0,1.5,4.0,3.75,1.5,0.75,1.25,1.0,0.75,1.75,3.5,3.75,2.0,1.5,1.0,0.75,2.5,3.0,3.5,3.75,3.25,2.5,0.5,0.5,0.0,1.25,3.25,3.5,1.75,0.5,0.25,1.0,1.0,1.5,2.0,1.5,1.25,0.5,1.5,1.25,1.0,1.0,1.0,0.75,0.75,0.75,1.5,1.25,1.0,1.0,0.5,0.75,0.5,1.25,0.75
152,0.75,1.25,2.5,1.75,1.25,2.0,1.25,1.0,0.75,2.5,1.5,4.25,3.75,1.75,2.5,1.0,1.0,2.5,2.0,3.75,4.0,2.25,2.25,0.75,0.75,3.0,3.25,4.0,3.75,3.0,2.5,0.75,0.5,0.5,1.5,3.5,3.5,2.25,0.25,0.0,1.0,0.75,1.75,2.25,2.0,1.75,1.5,1.5,1.0,1.0,1.25,1.25,0.5,0.5,1.25,1.5,1.25,1.75,1.25,1.25,0.75,1.25,1.0,1.5
153,1.0,0.75,2.0,1.75,1.5,1.25,0.75,0.75,0.5,1.0,2.25,3.75,4.0,3.5,1.5,0.5,0.25,2.0,2.75,3.75,4.25,3.0,2.5,1.0,0.25,1.5,2.5,4.0,3.75,2.75,2.0,0.25,0.5,0.0,1.0,3.0,3.75,2.0,0.25,0.25,0.75,1.0,2.0,2.0,1.5,1.75,1.0,1.0,1.25,1.25,1.0,1.5,0.75,0.75,0.5,0.75,1.25,1.0,1.75,1.0,1.0,1.25,1.0,1.75
154,1.25,0.75,2.25,2.25,1.5,1.25,1.0,1.5,0.75,2.25,1.25,4.25,4.0,1.25,2.25,1.25,0.75,1.75,1.75,3.75,4.0,2.25,2.0,1.25,0.25,2.75,3.25,4.0,3.25,3.0,2.5,0.5,0.0,0.5,0.75,3.5,3.5,2.25,0.0,0.5,1.25,1.0,1.75,2.25,1.75,1.25,0.75,1.25,1.25,1.25,1.0,1.25,0.75,0.5,1.0,1.25,1.75,1.5,1.0,0.75,1.0,1.25,1.5,1.25
155,0.75,1.25,1.75,1.75,1.25,1.0,0.5,0.75,1.75,1.0,1.75,4.25,4.0,1.75,1.5,1.25,1.0,1.5,1.5,3.75,4.25,2.0,1.5,1.25,1.25,2.5,3.5,4.0,3.75,3.25,2.75,1.0,0.5,0.25,1.25,3.75,3.75,2.75,0.0,0.75,1.0,1.25,1.75,2.0,1.75,1.5,1.0,1.5,1.25,1.25,0.75,1.25,1.0,0.75,1.25,1.0,1.5,1.0,1.25,1.5,0.75,1.25,1.0,2.0
156,0.75,0.5,2.0,1.75,0.5,1.0,0.25,0.75,0.5,1.25,2.25,3.75,3.25,2.25,1.5,0.25,0.5,1.75,1.5,3.5,3.5,1.75,2.25,0.75,0.5,2.25,2.75,3.5,3.5,2.5,2.25,0.25,0.0,0.25,0.75,3.5,3.0,2.0,0.0,0.5,0.75,1.0,1.25,2.0,1.75,1.25,0.75,1.0,0.75,0.75,0.75,1.0,0.75,0.5,0.75,1.25,0.75,0.5,0.75,0.75,0.75,0.25,0.75,1.5
157,0.25,0.5,2.25,1.75,1.75,1.25,0.75,0.5,0.25,1.25,2.5,3.75,4.25,2.75,1.75,1.25,0.5,2.0,2.5,3.75,4.0,2.75,2.75,1.0,0.75,2.0,3.0,3.75,3.5,3.0,2.0,0.75,0.25,0.25,0.75,3.75,3.75,2.25,0.25,0.0,1.0,1.25,1.25,2.25,1.75,1.5,1.25,0.75,0.75,1.25,0.75,1.0,0.5,0.75,0.75,1.25,1.25,1.0,1.25,0.75,1.0,0.5,1.25,1.75
158,0.75,0.75,1.75,1.75,1.25,0.75,0.75,0.5,1.5,1.75,1.25,3.75,3.5,1.25,1.75,1.25,0.75,0.5,1.5,3.5,3.5,2.0,1.25,0.75,0.75,2.25,3.0,3.75,3.25,3.0,2.25,0.75,0.0,0.25,1.25,3.5,3.5,2.0,0.5,0.5,0.75,0.75,1.75,1.75,1.75,1.0,1.0,1.0,1.25,1.0,0.75,1.0,0.25,0.75,1.0,0.75,1.5,1.0,1.25,1.0,1.5,1.0,1.25,1.5
159,0.0,0.75,2.0,1.75,1.5,1.0,0.75,1.75,1.25,1.75,1.5,4.0,4.25,1.25,2.25,0.75,0.5,2.0,2.0,3.75,4.0,2.5,2.0,1.0,0.5,3.0,3.25,4.25,3.5,3.0,2.25,1.0,0.5,0.5,1.0,3.75,3.75,1.75,0.25,0.75,1.0,1.25,1.5,2.0,1.75,1.5,1.0,1.0,1.0,1.25,1.5,1.5,1.0,0.75,1.0,1.25,1.75,1.25,1.25,1.25,1.0,1.25,1.0,1.5
160,0.5,0.75,2.0,2.0,1.5,1.25,0.25,1.25,0.5,0.75,2.25,3.75,4.0,3.0,1.5,1.25,0.5,1.5,3.25,3.75,4.0,3.25,2.0,0.25,0.5,1.5,2.75,3.75,3.25,3.0,2.0,0.5,0.0,0.0,0.75,3.25,4.0,2.5,0.5,0.75,1.0,1.0,1.75,2.5,1.5,1.75,1.0,0.75,1.0,1.25,1.0,1.5,0.75,0.75,0.25,1.5,2.25,1.0,1.5,1.0,0.25,0.5,0.5,1.5
161,1.0,1.25,1.75,1.5,1.25,1.0,0.5,1.25,0.0,1.25,1.25,3.5,3.5,2.0,2.0,1.0,0.5,1.25,1.5,3.25,3.75,2.0,2.5,0.75,0.0,2.25,2.75,3.5,3.0,2.5,2.25,0.75,0.25,0.0,0.75,3.0,3.25,2.0,0.5,0.0,0.75,0.75,1.25,2.0,1.25,0.75,0.25,1.0,1.0,1.0,0.5,1.0,0.25,0.5,0.25,0.75,1.0,0.25,1.0,1.0,1.0,0.75,0.5,0.75
162,0.5,0.5,1.5,1.25,0.75,0.5,0.0,0.5,1.0,0.0,0.75,3.75,3.0,1.0,0.75,0.5,0.25,0.75,1.25,3.25,3.75,1.0,0.75,0.75,0.0,2.25,3.0,3.5,2.75,2.75,1.75,0.25,0.0,0.0,0.5,3.25,3.25,1.5,0.0,0.0,0.25,0.0,1.0,1.5,1.25,1.0,0.25,0.75,0.5,0.75,0.75,1.0,0.75,0.25,0.25,1.0,0.5,0.25,1.25,0.5,0.5,0.25,0.5,1.5
163,0.5,1.5,2.25,1.5,1.25,1.25,1.25,1.75,0.75,2.25,1.75,4.25,4.0,2.0,2.75,1.0,0.75,2.0,2.0,4.0,4.25,2.5,2.75,1.5,0.5,3.0,3.0,4.0,4.0,3.25,2.75,1.0,0.0,0.25,1.25,3.75,4.0,2.5,0.5,0.75,0.75,1.25,1.75,2.5,2.0,1.5,1.25,1.25,1.0,1.5,0.75,1.75,0.75,1.0,0.75,1.75,2.25,1.0,1.75,1.25,1.5,1.0,1.75,1.75
164,0.5,1.5,1.75,1.75,1.25,1.0,0.5,1.5,1.0,1.0,1.75,3.75,4.25,3.0,1.25,1.5,0.25,1.25,3.5,4.0,4.25,3.5,2.25,1.0,0.75,2.75,3.25,3.75,3.75,3.0,3.0,1.75,0.25,0.25,1.0,3.75,3.25,2.0,0.0,2.0,1.0,1.5,1.5,2.25,2.0,1.5,1.25,0.75,1.0,0.75,0.5,1.75,0.75,0.75,1.0,1.5,1.0,0.75,1.0,0.75,1.25,0.75,1.25,1.25
165,0.0,0.25,1.5,1.5,0.75,0.5,0.0,1.75,0.75,1.25,1.75,4.0,3.0,1.0,2.5,1.75,0.0,0.75,1.0,3.0,3.75,1.75,2.25,1.0,0.0,2.25,2.75,3.25,3.25,2.75,2.5,3.0,0.0,0.0,1.0,3.0,3.5,2.0,0.0,2.25,0.75,0.75,1.25,2.0,1.0,1.25,0.5,1.0,0.75,0.75,0.5,0.75,0.0,0.75,0.25,0.5,1.25,0.25,0.75,0.25,1.0,0.5,0.75,1.25
166,0.75,0.5,1.0,1.5,0.75,0.25,0.75,2.75,0.5,1.25,1.25,4.0,3.25,1.0,1.75,1.75,0.5,1.0,1.25,3.25,3.5,1.75,1.25,2.0,0.0,2.25,3.0,3.5,3.25,3.0,2.25,2.5,0.0,0.25,0.5,3.25,3.5,2.0,0.5,1.75,0.5,0.5,1.0,1.5,1.0,0.75,1.0,0.75,0.5,0.0,0.75,1.5,0.5,0.75,0.5,1.0,1.0,1.0,1.0,0.75,0.5,0.5,0.75,1.5
167,0.5,0.75,1.75,2.0,1.5,1.25,0.75,2.25,0.75,0.5,2.0,3.5,4.5,2.25,1.25,2.0,0.5,1.0,3.25,3.5,3.75,3.5,1.75,2.25,0.5,2.25,2.75,3.5,4.0,3.25,3.0,3.0,0.25,0.0,1.25,3.5,3.5,2.5,0.5,2.5,0.5,1.0,1.5,2.25,1.75,1.5,1.0,1.5,0.5,1.5,0.75,1.25,1.0,0.75,0.5,1.75,1.5,0.75,1.25,0.75,0.75,0.75,1.25,1.75
168,0.0,0.5,2.0,1.75,1.25,1.5,2.0,2.75,0.5,1.5,1.75,4.5,3.25,1.75,2.75,2.75,0.25,1.75,1.5,3.5,4.25,2.0,3.25,2.25,0.5,3.0,3.0,3.5,3.75,3.25,3.0,2.75,0.0,0.0,1.0,3.25,3.75,2.25,0.75,2.5,1.0,1.0,1.5,2.25,1.75,0.5,0.75,1.5,1.0,1.0,0.75,1.0,0.75,0.5,1.0,1.75,1.0,1.0,0.75,1.0,0.5,0.5,1.25,1.25
169,0.5,0.5,1.0,1.75,1.0,0.75,2.0,2.75,0.75,0.5,1.5,4.5,3.5,1.0,2.0,2.25,1.0,1.0,1.5,3.75,4.25,1.75,1.0,2.5,0.25,3.0,2.5,3.5,3.5,3.0,2.75,3.25,0.25,0.0,0.75,3.5,3.75,2.25,0.75,2.25,0.5,0.5,1.25,2.0,2.0,1.0,0.5,1.5,0.5,1.0,0.75,1.0,0.5,0.5,0.0,1.75,1.75,1.0,1.25,0.75,1.0,1.25,1.0,1.0
170,0.5,1.0,1.75,1.75,0.75,1.5,1.75,3.0,1.0,1.75,1.75,4.25,3.25,1.5,2.25,2.25,0.5,1.75,1.25,3.75,4.0,2.25,3.25,3.0,0.5,2.75,3.0,3.75,3.5,3.0,2.5,3.0,0.0,0.25,1.0,3.25,3.75,2.0,0.75,2.75,0.75,0.75,1.5,2.0,1.25,1.75,1.0,1.25,0.75,0.75,1.0,1.25,0.75,0.75,0.75,1.25,1.25,0.75,1.25,0.25,1.0,0.75,1.5,1.25
171,0.25,1.25,1.5,1.75,1.0,1.25,1.5,3.0,0.5,1.0,2.0,3.25,3.75,2.25,2.0,2.75,0.25,0.75,3.0,3.5,4.0,3.25,2.0,2.25,0.25,2.0,2.75,3.5,3.25,2.75,3.0,3.0,0.25,0.0,1.0,3.5,4.0,1.75,0.5,2.5,0.5,1.25,1.25,1.75,1.75,1.5,1.5,1.0,1.25,0.75,1.25,1.5,0.75,0.75,0.75,1.0,1.5,0.75,0.75,0.75,0.75,0.5,1.5,1.75
172,0.25,1.0,1.75,1.25,0.5,1.25,0.75,2.75,0.5,1.5,1.75,3.5,4.0,1.75,2.75,2.75,0.75,2.0,1.75,3.5,4.25,2.25,2.75,3.0,0.0,2.75,3.0,3.75,3.25,3.25,2.75,3.5,0.0,0.25,0.75,3.25,3.75,2.25,0.5,2.25,0.5,1.25,1.0,2.0,1.25,1.0,0.5,1.25,0.75,0.75,1.0,1.25,0.5,0.75,0.75,1.75,1.0,0.75,1.25,0.75,0.5,1.0,1.0,1.5
173,0.5,0.5,1.25,1.0,0.75,0.25,0.0,2.25,0.75,0.25,0.75,3.0,3.25,1.0,1.25,2.25,0.75,0.5,1.5,3.0,3.25,1.75,1.5,2.5,0.5,2.25,2.75,3.5,3.25,2.75,2.5,3.0,0.25,0.0,0.5,3.25,3.25,1.75,0.25,2.5,0.0,0.75,1.25,1.5,1.5,0.25,0.5,0.75,0.75,0.75,0.75,0.75,0.5,0.5,0.5,1.5,0.5,0.5,1.0,0.75,0.75,0.75,0.0,1.25
174,1.0,1.0,2.25,1.75,1.5,1.5,1.75,3.25,1.0,1.25,2.5,3.75,4.5,2.25,2.75,3.25,1.5,2.0,2.25,3.5,4.0,2.5,2.75,2.75,0.25,2.5,3.0,4.0,4.0,3.25,3.75,3.0,0.25,0.0,1.0,3.75,4.0,2.75,0.5,3.0,0.75,0.75,1.75,2.0,2.5,1.75,1.25,1.75,1.25,1.5,1.0,1.5,1.25,1.0,1.0,1.25,1.75,1.0,1.0,1.25,1.0,0.5,1.5,1.5
175,0.25,0.75,1.25,1.0,1.0,0.75,0.0,2.5,0.0,0.75,0.75,2.75,3.25,2.0,1.25,2.5,0.5,1.0,3.25,3.75,4.25,3.5,1.75,2.0,0.75,2.75,2.75,3.75,3.5,3.25,3.0,2.75,0.5,0.25,1.0,3.25,3.5,2.25,0.5,3.25,0.75,1.0,1.25,2.5,1.5,1.25,0.75,1.5,0.5,1.0,1.0,1.5,1.0,1.0,0.75,2.0,0.75,1.25,1.5,1.25,0.75,1.0,1.0,2.0
176,0.5,1.25,2.0,1.5,1.0,1.25,1.0,3.25,0.75,2.0,1.5,3.5,4.25,1.5,2.5,2.5,0.5,1.5,1.75,3.5,4.25,2.5,2.5,2.75,0.5,3.25,3.25,4.0,3.25,3.0,2.75,3.5,0.0,0.25,1.0,3.5,3.75,2.5,0.75,3.0,0.5,1.25,1.5,2.75,2.0,1.75,1.25,1.5,0.75,1.0,1.0,1.25,1.25,1.0,1.25,1.75,1.75,1.5,1.5,1.25,1.0,1.0,1.5,2.25
177,1.0,1.25,1.5,1.75,1.25,1.0,0.0,3.0,1.25,1.5,1.5,3.75,3.75,1.5,2.0,2.5,1.25,1.25,1.25,3.5,4.25,2.25,1.75,3.0,0.5,3.0,3.0,3.75,3.75,3.25,3.5,3.25,0.25,0.25,1.0,3.75,3.75,2.0,1.0,3.0,1.25,0.75,1.75,2.25,1.75,1.5,1.0,1.25,1.5,1.0,1.25,2.0,0.5,1.25,1.0,1.5,1.5,0.75,1.25,0.75,1.0,0.75,1.0,1.75
178,0.25,1.0,1.75,1.5,1.25,1.25,0.25,3.0,0.25,0.75,2.75,4.0,3.5,3.5,1.75,2.25,0.0,1.0,2.5,3.5,4.0,3.0,2.0,1.75,0.25,2.25,3.0,3.75,3.5,2.75,2.5,3.0,0.25,0.25,1.0,3.25,3.5,2.0,0.5,2.5,0.75,1.0,1.25,2.0,1.5,1.5,0.75,1.25,0.5,0.5,1.25,1.5,0.75,0.5,0.75,1.25,1.0,0.75,1.25,0.5,0.5,0.5,1.0,1.5
179,0.5,0.75,1.75,2.0,1.5,1.75,0.75,3.0,1.0,1.75,2.25,4.25,4.0,3.0,1.75,2.75,0.5,1.5,3.25,3.75,4.0,3.25,2.5,2.5,0.25,2.75,3.0,4.0,3.75,3.0,3.25,3.0,0.25,0.0,1.0,4.0,3.75,2.25,1.0,2.75,0.75,1.25,1.75,2.25,2.0,1.0,1.25,1.25,1.0,1.0,1.0,1.25,1.0,0.25,0.5,1.5,0.75,1.75,1.25,1.0,0.75,0.75,1.25,1.75
180,1.0,1.0,1.5,2.0,1.25,1.5,1.25,3.25,1.5,1.75,1.0,4.0,4.25,1.5,2.0,2.75,1.25,1.5,2.0,4.0,4.25,2.75,1.75,3.0,1.0,2.75,3.25,3.75,4.0,3.25,3.0,3.5,0.0,0.25,1.25,3.5,3.75,2.75,1.0,3.0,1.25,1.0,1.75,2.25,2.0,1.5,1.0,1.5,1.25,1.5,1.25,2.0,1.25,1.0,1.0,2.0,1.5,1.5,1.75,1.25,1.25,1.75,1.75,1.25
181,0.75,0.75,1.75,1.75,1.0,1.0,0.75,3.25,0.0,1.5,1.25,3.25,3.75,1.5,2.5,2.5,0.25,1.5,1.25,3.25,3.5,2.0,2.0,2.5,0.75,2.75,3.0,3.75,3.5,3.25,2.5,3.0,0.25,0.0,1.0,3.5,3.75,2.0,0.0,2.25,0.75,1.0,1.75,2.0,1.75,1.75,1.5,2.0,1.0,1.5,0.75,1.5,0.5,1.0,1.0,1.5,1.75,1.0,1.5,0.5,1.0,1.75,1.0,1.75
182,1.25,1.25,1.75,1.5,1.75,1.5,0.0,2.75,0.5,1.0,2.75,4.0,4.25,3.0,1.75,2.75,0.0,1.25,2.5,3.25,4.0,3.25,2.0,2.25,0.0,2.75,3.0,3.5,4.0,2.5,2.5,2.75,0.25,0.25,0.75,3.5,3.5,2.0,0.5,2.5,0.75,1.0,1.25,2.25,1.5,1.75,1.25,0.5,0.75,1.25,1.25,1.25,0.75,0.75,1.0,1.5,1.5,1.0,1.75,0.75,0.75,0.75,0.5,1.25
183,0.0,1.75,2.0,2.25,1.75,2.25,0.75,3.5,1.0,1.5,3.25,4.25,4.0,3.25,2.0,2.75,1.25,1.75,3.0,3.75,4.0,3.25,3.0,2.75,0.5,2.5,3.0,3.5,4.0,3.25,2.5,3.5,0.25,0.5,1.0,3.75,4.0,2.0,0.75,2.5,1.0,1.5,1.5,2.5,2.0,1.5,0.75,1.5,1.25,1.5,1.5,1.25,1.25,1.0,1.75,2.0,1.75,1.0,1.75,1.25,0.75,1.5,1.0,2.5
184,0.0,0.75,1.5,2.0,0.5,1.0,0.25,2.5,0.75,1.0,1.25,3.75,3.5,1.5,1.75,3.25,1.25,0.75,1.5,3.0,3.5,2.0,1.0,2.5,0.25,2.5,2.75,3.75,3.5,2.5,2.75,3.0,0.0,0.0,0.5,3.25,3.75,2.5,0.5,2.5,0.75,1.25,1.25,2.0,2.0,1.25,0.5,1.25,1.25,0.75,0.5,1.25,0.75,0.75,1.0,1.25,1.25,1.25,1.25,0.75,0.75,0.5,0.5,1.25
185,0.25,1.0,1.75,2.5,0.75,1.0,1.25,3.0,1.25,1.5,2.0,4.0,3.75,2.0,3.0,3.25,0.25,1.75,1.75,3.75,4.0,2.5,2.25,2.5,0.5,2.75,3.25,3.75,3.75,3.25,3.25,3.0,0.25,0.0,1.0,3.75,4.0,2.75,1.0,3.25,0.75,1.25,1.75,2.25,2.0,1.75,1.5,1.75,1.25,1.5,1.0,1.75,0.75,1.25,1.25,1.5,2.0,1.5,1.25,1.25,1.25,1.25,1.0,1.75
186,0.5,1.25,2.0,2.25,1.25,1.75,1.0,3.5,0.75,1.5,1.5,3.75,3.25,1.75,2.0,3.0,0.75,1.0,3.25,3.5,4.25,3.0,1.75,2.25,0.75,2.25,3.0,3.75,3.75,3.0,3.0,3.0,0.5,0.0,1.5,3.5,4.0,2.25,0.75,2.75,1.25,1.5,2.0,2.0,2.25,1.5,1.25,1.25,1.25,1.5,1.0,1.25,1.0,1.0,1.0,1.25,1.75,1.0,1.25,0.25,1.25,0.0,0.75,1.75
187,0.5,1.25,1.5,1.25,1.0,1.75,0.5,2.5,0.75,1.25,1.0,3.75,3.5,1.25,2.25,3.0,0.5,1.5,2.0,3.0,3.5,2.0,2.25,2.75,0.25,2.25,3.25,3.75,3.25,2.75,2.75,2.75,0.5,0.25,0.75,3.25,3.75,2.0,0.0,3.0,0.75,1.25,1.25,1.75,1.5,1.0,0.25,1.25,0.75,0.5,0.75,1.25,0.5,0.75,0.5,1.25,1.5,1.0,0.75,0.75,0.5,1.0,0.75,1.0
188,0.5,1.0,1.75,1.75,1.0,1.25,1.0,3.0,1.0,1.0,1.25,3.5,3.5,1.25,2.75,2.5,0.75,1.0,1.75,3.0,3.75,2.0,1.75,2.75,0.75,2.75,2.75,3.5,3.5,3.0,2.25,3.0,0.75,0.0,1.0,3.25,3.75,2.25,0.75,2.5,1.25,1.0,1.25,1.5,1.75,1.0,0.75,1.25,0.75,1.0,0.75,0.75,0.5,0.5,1.0,1.0,1.25,1.0,1.0,1.25,0.5,1.25,0.5,1.0
189,0.75,1.0,1.75,1.25,0.75,1.0,0.5,2.75,0.5,1.25,2.25,3.5,3.25,2.5,1.25,2.5,0.0,1.0,1.75,3.5,3.75,2.5,2.0,2.5,0.0,2.25,2.75,3.75,3.75,2.75,2.25,2.75,0.5,0.25,1.0,3.5,3.75,2.25,0.25,2.75,0.75,0.75,1.25,2.0,1.25,1.0,1.0,1.25,1.0,0.75,1.25,1.25,0.25,1.25,0.75,1.5,1.25,1.25,1.0,0.5,0.75,0.75,0.75,1.25
190,0.0,0.75,1.5,2.0,1.5,1.0,0.5,2.75,0.75,0.5,2.0,3.5,4.0,2.5,2.0,2.75,0.0,1.5,3.0,3.75,4.0,3.5,1.5,2.0,0.5,2.5,2.75,3.75,4.0,3.25,2.5,3.25,0.25,0.25,1.0,3.5,3.75,2.0,0.25,2.5,0.75,1.0,1.5,2.25,1.5,1.5,1.25,1.75,1.0,1.25,1.0,1.5,0.75,0.5,0.75,1.25,1.5,1.25,1.25,0.75,1.25,0.75,1.75,1.75
191,0.0,1.0,1.25,1.25,0.75,1.0,0.75,2.0,0.0,1.25,1.25,3.0,3.0,1.0,2.0,3.0,0.25,1.5,1.5,3.25,3.5,2.0,1.75,2.5,0.0,2.25,2.5,3.5,3.25,2.5,2.75,3.0,0.25,0.0,0.25,3.0,3.75,1.75,0.25,2.25,0.5,0.25,0.75,1.75,1.25,0.75,0.75,1.0,0.5,0.5,0.5,0.75,0.0,0.75,0.5,1.0,1.0,0.75,1.0,0.25,0.25,0.5,1.25,1.25
192,0.0,1.5,2.25,1.75,1.5,1.0,1.25,3.0,0.75,1.75,1.75,3.75,4.25,2.0,3.0,3.5,0.75,1.75,1.75,3.5,4.0,2.25,2.75,3.0,1.0,3.0,3.75,3.5,3.75,3.0,3.25,3.25,0.5,0.5,1.0,4.0,3.5,2.5,0.5,3.0,1.25,1.0,1.5,2.25,2.0,1.75,1.25,1.75,1.25,1.0,1.25,1.5,1.25,1.0,0.75,2.0,1.5,2.0,1.5,1.5,1.5,1.25,1.25,1.5
193,0.5,0.75,1.75,1.5,1.0,1.0,1.5,2.75,0.75,0.5,1.75,3.75,3.75,1.5,2.25,2.75,0.5,0.5,3.75,4.0,4.0,3.0,2.0,2.25,0.5,2.0,2.75,4.0,3.25,3.25,3.0,2.75,0.25,0.0,0.75,4.0,3.5,2.25,0.75,3.25,1.0,0.75,1.75,2.5,2.25,1.75,1.0,0.75,0.5,0.75,1.25,1.75,0.5,0.75,0.75,1.25,0.75,1.0,0.75,0.75,0.25,1.0,1.0,1.25
194,0.0,0.5,1.75,1.75,1.25,1.5,1.25,2.25,0.25,0.75,1.75,3.25,4.0,2.5,1.25,3.0,0.0,1.25,3.25,3.75,4.25,3.5,2.0,2.0,0.25,2.5,3.0,3.5,3.0,2.25,3.25,3.25,0.5,0.5,1.0,3.75,4.0,2.5,0.5,2.25,0.75,0.75,1.0,1.75,2.25,1.25,0.75,1.5,1.25,1.25,1.0,1.25,0.5,0.25,0.75,1.0,1.5,1.0,1.5,1.0,1.5,1.25,1.25,1.25
195,0.75,0.25,2.0,1.75,1.25,0.75,1.75,2.25,0.5,1.0,0.75,3.75,4.0,2.0,1.25,2.75,1.0,1.0,1.5,3.5,3.75,2.0,1.75,3.0,0.5,2.5,3.0,4.0,3.5,3.25,2.75,3.0,0.5,0.25,1.25,4.0,3.75,2.0,0.0,2.0,1.0,0.75,1.5,2.0,1.75,1.25,1.0,1.25,0.75,1.25,0.5,1.25,1.0,0.5,0.75,1.25,1.5,1.0,1.0,1.0,0.5,0.75,0.75,1.25
196,0.75,0.75,1.75,1.25,1.25,0.75,0.5,2.25,0.5,1.25,1.5,3.75,3.75,1.75,2.25,2.25,0.0,1.25,1.5,3.5,3.75,1.75,2.25,2.5,0.25,2.5,3.25,3.5,3.25,2.75,2.75,1.75,0.25,0.0,0.75,3.25,3.75,1.75,0.5,2.0,0.75,0.75,1.0,2.0,1.75,1.0,0.75,1.5,1.5,1.0,1.25,1.0,0.75,0.5,1.0,1.25,1.25,1.5,1.0,0.5,1.25,0.5,1.0,1.75
197,0.0,1.0,1.0,1.75,1.5,1.0,0.25,1.5,0.5,0.75,1.5,3.5,4.5,2.25,1.25,2.0,0.5,0.75,2.5,3.75,4.75,3.25,1.5,1.25,0.75,2.25,2.75,4.25,3.75,3.5,3.0,1.5,0.25,0.25,1.0,3.5,3.75,2.25,0.75,1.25,0.75,1.5,1.75,2.5,2.25,1.25,0.5,1.0,1.0,1.0,1.25,1.5,1.0,1.25,1.5,1.75,1.0,1.75,1.25,0.75,1.0,1.0,1.0,1.75
198,0.0,0.75,1.75,1.5,1.5,1.0,0.25,1.0,0.5,0.75,1.75,2.5,4.75,2.25,2.0,1.0,0.5,1.5,2.25,3.25,3.75,2.0,2.5,1.0,0.25,2.25,3.0,4.0,3.75,3.25,2.75,0.75,0.0,0.5,1.0,3.75,3.5,2.0,0.5,0.25,0.75,1.0,1.25,2.0,1.75,1.0,0.75,0.75,0.75,1.25,1.0,1.0,0.25,0.5,0.5,1.5,1.25,0.5,1.25,1.0,1.0,0.75,1.0,1.75
199,0.5,0.25,1.25,1.0,1.5,1.25,0.5,0.75,1.0,1.25,1.75,2.75,5.0,1.5,1.5,0.75,1.0,1.25,1.5,3.5,4.25,2.0,1.75,1.0,0.5,2.75,3.75,4.25,3.5,3.5,3.5,1.0,0.25,0.25,1.0,3.5,4.0,2.75,0.5,0.0,0.75,1.25,1.25,2.0,2.0,1.5,0.75,0.75,1.25,1.0,1.25,1.5,1.0,0.75,1.0,1.5,1.5,1.0,2.0,1.0,1.0,0.75,1.0,1.75
